(kicad_pcb (version 20171130) (host pcbnew "(5.0.1-3-g963ef8bb5)")

  (general
    (thickness 1.6)
    (drawings 12)
    (tracks 397)
    (zones 0)
    (modules 52)
    (nets 34)
  )

  (page A4)
  (layers
    (0 F.Cu signal)
    (31 B.Cu signal)
    (32 B.Adhes user hide)
    (33 F.Adhes user hide)
    (34 B.Paste user hide)
    (35 F.Paste user hide)
    (36 B.SilkS user)
    (37 F.SilkS user)
    (38 B.Mask user hide)
    (39 F.Mask user hide)
    (40 Dwgs.User user)
    (41 Cmts.User user)
    (42 Eco1.User user)
    (43 Eco2.User user)
    (44 Edge.Cuts user)
    (45 Margin user)
    (46 B.CrtYd user)
    (47 F.CrtYd user)
    (48 B.Fab user)
    (49 F.Fab user)
  )

  (setup
    (last_trace_width 0.3)
    (trace_clearance 0.2)
    (zone_clearance 0.1)
    (zone_45_only yes)
    (trace_min 0.3)
    (segment_width 0.2)
    (edge_width 0.15)
    (via_size 0.8)
    (via_drill 0.4)
    (via_min_size 0.4)
    (via_min_drill 0.3)
    (uvia_size 0.3)
    (uvia_drill 0.1)
    (uvias_allowed no)
    (uvia_min_size 0.2)
    (uvia_min_drill 0.1)
    (pcb_text_width 0.3)
    (pcb_text_size 1.5 1.5)
    (mod_edge_width 0.15)
    (mod_text_size 0.5 0.5)
    (mod_text_width 0.07)
    (pad_size 2.2 1.05)
    (pad_drill 0)
    (pad_to_mask_clearance 0.0508)
    (solder_mask_min_width 0.25)
    (aux_axis_origin 0 0)
    (visible_elements FFFFF77F)
    (pcbplotparams
      (layerselection 0x010fc_ffffffff)
      (usegerberextensions false)
      (usegerberattributes false)
      (usegerberadvancedattributes false)
      (creategerberjobfile false)
      (excludeedgelayer true)
      (linewidth 0.100000)
      (plotframeref false)
      (viasonmask false)
      (mode 1)
      (useauxorigin false)
      (hpglpennumber 1)
      (hpglpenspeed 20)
      (hpglpendiameter 15.000000)
      (psnegative false)
      (psa4output false)
      (plotreference true)
      (plotvalue true)
      (plotinvisibletext false)
      (padsonsilk false)
      (subtractmaskfromsilk false)
      (outputformat 1)
      (mirror false)
      (drillshape 1)
      (scaleselection 1)
      (outputdirectory ""))
  )

  (net 0 "")
  (net 1 Earth)
  (net 2 "Net-(C7-Pad2)")
  (net 3 "Net-(C10-Pad1)")
  (net 4 "Net-(C11-Pad2)")
  (net 5 "Net-(C13-Pad2)")
  (net 6 "Net-(F2-Pad1)")
  (net 7 "Net-(F1-Pad1)")
  (net 8 /LIM_OUT)
  (net 9 /DAT_OUT)
  (net 10 /SCL)
  (net 11 /SDA)
  (net 12 "Net-(C1-Pad1)")
  (net 13 /LO_IN)
  (net 14 "Net-(C3-Pad1)")
  (net 15 "Net-(C3-Pad2)")
  (net 16 "Net-(C4-Pad1)")
  (net 17 "Net-(C6-Pad1)")
  (net 18 "Net-(C11-Pad1)")
  (net 19 "Net-(C13-Pad1)")
  (net 20 "Net-(C19-Pad2)")
  (net 21 "Net-(C20-Pad2)")
  (net 22 "Net-(C21-Pad2)")
  (net 23 "Net-(C22-Pad2)")
  (net 24 "Net-(F1-Pad6)")
  (net 25 "Net-(F2-Pad6)")
  (net 26 /POW_CON_IN)
  (net 27 /RSSI_OUT)
  (net 28 "Net-(L10-Pad1)")
  (net 29 "Net-(C18-Pad2)")
  (net 30 "Net-(U2-Pad2)")
  (net 31 "Net-(U2-Pad3)")
  (net 32 /3V3)
  (net 33 "Net-(R5-Pad2)")

  (net_class Default "This is the default net class."
    (clearance 0.2)
    (trace_width 0.3)
    (via_dia 0.8)
    (via_drill 0.4)
    (uvia_dia 0.3)
    (uvia_drill 0.1)
    (diff_pair_gap 5)
    (diff_pair_width 5)
    (add_net /3V3)
    (add_net /DAT_OUT)
    (add_net /LIM_OUT)
    (add_net /LO_IN)
    (add_net /POW_CON_IN)
    (add_net /RSSI_OUT)
    (add_net /SCL)
    (add_net /SDA)
    (add_net Earth)
    (add_net "Net-(C1-Pad1)")
    (add_net "Net-(C10-Pad1)")
    (add_net "Net-(C11-Pad1)")
    (add_net "Net-(C11-Pad2)")
    (add_net "Net-(C13-Pad1)")
    (add_net "Net-(C13-Pad2)")
    (add_net "Net-(C18-Pad2)")
    (add_net "Net-(C19-Pad2)")
    (add_net "Net-(C20-Pad2)")
    (add_net "Net-(C21-Pad2)")
    (add_net "Net-(C22-Pad2)")
    (add_net "Net-(C3-Pad1)")
    (add_net "Net-(C3-Pad2)")
    (add_net "Net-(C4-Pad1)")
    (add_net "Net-(C6-Pad1)")
    (add_net "Net-(C7-Pad2)")
    (add_net "Net-(F1-Pad1)")
    (add_net "Net-(F1-Pad6)")
    (add_net "Net-(F2-Pad1)")
    (add_net "Net-(F2-Pad6)")
    (add_net "Net-(L10-Pad1)")
    (add_net "Net-(R5-Pad2)")
    (add_net "Net-(U2-Pad2)")
    (add_net "Net-(U2-Pad3)")
  )

  (module Capacitor_SMD:C_0805_2012Metric_Pad1.15x1.40mm_HandSolder (layer F.Cu) (tedit 5C54C2C0) (tstamp 5C5589BB)
    (at 57.1 68.5)
    (descr "Capacitor SMD 0805 (2012 Metric), square (rectangular) end terminal, IPC_7351 nominal with elongated pad for handsoldering. (Body size source: https://docs.google.com/spreadsheets/d/1BsfQQcO9C6DZCsRaXUlFlo91Tg2WpOkGARC1WS5S8t0/edit?usp=sharing), generated with kicad-footprint-generator")
    (tags "capacitor handsolder")
    (path /5BF39C73)
    (attr smd)
    (fp_text reference C19 (at -2.55 0) (layer F.SilkS)
      (effects (font (size 0.5 0.5) (thickness 0.07)))
    )
    (fp_text value 10nF (at 0 1.65) (layer F.Fab) hide
      (effects (font (size 1 1) (thickness 0.15)))
    )
    (fp_text user %R (at 0 0) (layer F.Fab) hide
      (effects (font (size 0.5 0.5) (thickness 0.08)))
    )
    (fp_line (start 1.85 0.95) (end -1.85 0.95) (layer F.CrtYd) (width 0.05))
    (fp_line (start 1.85 -0.95) (end 1.85 0.95) (layer F.CrtYd) (width 0.05))
    (fp_line (start -1.85 -0.95) (end 1.85 -0.95) (layer F.CrtYd) (width 0.05))
    (fp_line (start -1.85 0.95) (end -1.85 -0.95) (layer F.CrtYd) (width 0.05))
    (fp_line (start -0.261252 0.71) (end 0.261252 0.71) (layer F.SilkS) (width 0.12))
    (fp_line (start -0.261252 -0.71) (end 0.261252 -0.71) (layer F.SilkS) (width 0.12))
    (fp_line (start 1 0.6) (end -1 0.6) (layer F.Fab) (width 0.1))
    (fp_line (start 1 -0.6) (end 1 0.6) (layer F.Fab) (width 0.1))
    (fp_line (start -1 -0.6) (end 1 -0.6) (layer F.Fab) (width 0.1))
    (fp_line (start -1 0.6) (end -1 -0.6) (layer F.Fab) (width 0.1))
    (pad 2 smd roundrect (at 1.025 0) (size 1.15 1.4) (layers F.Cu F.Paste F.Mask) (roundrect_rratio 0.217391)
      (net 20 "Net-(C19-Pad2)"))
    (pad 1 smd roundrect (at -1.025 0) (size 1.15 1.4) (layers F.Cu F.Paste F.Mask) (roundrect_rratio 0.217391)
      (net 1 Earth))
    (model ${KISYS3DMOD}/Capacitor_SMD.3dshapes/C_0805_2012Metric.wrl
      (at (xyz 0 0 0))
      (scale (xyz 1 1 1))
      (rotate (xyz 0 0 0))
    )
  )

  (module Package_SO:MSOP-10_3x3mm_P0.5mm (layer F.Cu) (tedit 5C561F9D) (tstamp 5C5C8AAB)
    (at 91.65 58.2 180)
    (descr "10-Lead Plastic Micro Small Outline Package (MS) [MSOP] (see Microchip Packaging Specification 00000049BS.pdf)")
    (tags "SSOP 0.5")
    (path /5C59D07C)
    (attr smd)
    (fp_text reference U2 (at -0.025 0.05 270) (layer F.SilkS)
      (effects (font (size 0.5 0.5) (thickness 0.07)))
    )
    (fp_text value SI5351A (at 0 2.6 180) (layer F.Fab) hide
      (effects (font (size 1 1) (thickness 0.15)))
    )
    (fp_line (start -0.5 -1.5) (end 1.5 -1.5) (layer F.Fab) (width 0.15))
    (fp_line (start 1.5 -1.5) (end 1.5 1.5) (layer F.Fab) (width 0.15))
    (fp_line (start 1.5 1.5) (end -1.5 1.5) (layer F.Fab) (width 0.15))
    (fp_line (start -1.5 1.5) (end -1.5 -0.5) (layer F.Fab) (width 0.15))
    (fp_line (start -1.5 -0.5) (end -0.5 -1.5) (layer F.Fab) (width 0.15))
    (fp_line (start -3.15 -1.85) (end -3.15 1.85) (layer F.CrtYd) (width 0.05))
    (fp_line (start 3.15 -1.85) (end 3.15 1.85) (layer F.CrtYd) (width 0.05))
    (fp_line (start -3.15 -1.85) (end 3.15 -1.85) (layer F.CrtYd) (width 0.05))
    (fp_line (start -3.15 1.85) (end 3.15 1.85) (layer F.CrtYd) (width 0.05))
    (fp_line (start -1.675 -1.675) (end -1.675 -1.45) (layer F.SilkS) (width 0.15))
    (fp_line (start 1.675 -1.675) (end 1.675 -1.375) (layer F.SilkS) (width 0.15))
    (fp_line (start 1.675 1.675) (end 1.675 1.375) (layer F.SilkS) (width 0.15))
    (fp_line (start -1.675 1.675) (end -1.675 1.375) (layer F.SilkS) (width 0.15))
    (fp_line (start -1.675 -1.675) (end 1.675 -1.675) (layer F.SilkS) (width 0.15))
    (fp_line (start -1.675 1.675) (end 1.675 1.675) (layer F.SilkS) (width 0.15))
    (fp_line (start -1.675 -1.45) (end -2.9 -1.45) (layer F.SilkS) (width 0.15))
    (fp_text user %R (at 0 0 180) (layer F.Fab) hide
      (effects (font (size 0.6 0.6) (thickness 0.15)))
    )
    (pad 1 smd rect (at -2.2 -1 180) (size 1.4 0.3) (layers F.Cu F.Paste F.Mask)
      (net 32 /3V3))
    (pad 2 smd rect (at -2.2 -0.5 180) (size 1.4 0.3) (layers F.Cu F.Paste F.Mask)
      (net 30 "Net-(U2-Pad2)"))
    (pad 3 smd rect (at -2.2 0 180) (size 1.4 0.3) (layers F.Cu F.Paste F.Mask)
      (net 31 "Net-(U2-Pad3)"))
    (pad 4 smd rect (at -2.2 0.5 180) (size 1.4 0.3) (layers F.Cu F.Paste F.Mask)
      (net 10 /SCL))
    (pad 5 smd rect (at -2.2 1 180) (size 1.4 0.3) (layers F.Cu F.Paste F.Mask)
      (net 11 /SDA))
    (pad 6 smd rect (at 2.2 1 180) (size 1.4 0.3) (layers F.Cu F.Paste F.Mask))
    (pad 7 smd rect (at 2.2 0.5 180) (size 1.4 0.3) (layers F.Cu F.Paste F.Mask)
      (net 32 /3V3))
    (pad 8 smd rect (at 2.2 0 180) (size 1.4 0.3) (layers F.Cu F.Paste F.Mask)
      (net 1 Earth))
    (pad 9 smd rect (at 2.2 -0.5 180) (size 1.4 0.3) (layers F.Cu F.Paste F.Mask))
    (pad 10 smd rect (at 2.2 -1 180) (size 1.4 0.3) (layers F.Cu F.Paste F.Mask)
      (net 33 "Net-(R5-Pad2)"))
    (model ${KISYS3DMOD}/Package_SO.3dshapes/MSOP-10_3x3mm_P0.5mm.wrl
      (at (xyz 0 0 0))
      (scale (xyz 1 1 1))
      (rotate (xyz 0 0 0))
    )
  )

  (module Capacitor_SMD:C_0805_2012Metric_Pad1.15x1.40mm_HandSolder (layer F.Cu) (tedit 5C030414) (tstamp 5C02F7B0)
    (at 77.35 70.9 270)
    (descr "Capacitor SMD 0805 (2012 Metric), square (rectangular) end terminal, IPC_7351 nominal with elongated pad for handsoldering. (Body size source: https://docs.google.com/spreadsheets/d/1BsfQQcO9C6DZCsRaXUlFlo91Tg2WpOkGARC1WS5S8t0/edit?usp=sharing), generated with kicad-footprint-generator")
    (tags "capacitor handsolder")
    (path /5BF37F35)
    (attr smd)
    (fp_text reference C11 (at -2.6 0 90) (layer F.SilkS)
      (effects (font (size 0.5 0.5) (thickness 0.07)))
    )
    (fp_text value C (at 0 1.65 270) (layer F.Fab) hide
      (effects (font (size 1 1) (thickness 0.15)))
    )
    (fp_line (start -1 0.6) (end -1 -0.6) (layer F.Fab) (width 0.1))
    (fp_line (start -1 -0.6) (end 1 -0.6) (layer F.Fab) (width 0.1))
    (fp_line (start 1 -0.6) (end 1 0.6) (layer F.Fab) (width 0.1))
    (fp_line (start 1 0.6) (end -1 0.6) (layer F.Fab) (width 0.1))
    (fp_line (start -0.261252 -0.71) (end 0.261252 -0.71) (layer F.SilkS) (width 0.12))
    (fp_line (start -0.261252 0.71) (end 0.261252 0.71) (layer F.SilkS) (width 0.12))
    (fp_line (start -1.85 0.95) (end -1.85 -0.95) (layer F.CrtYd) (width 0.05))
    (fp_line (start -1.85 -0.95) (end 1.85 -0.95) (layer F.CrtYd) (width 0.05))
    (fp_line (start 1.85 -0.95) (end 1.85 0.95) (layer F.CrtYd) (width 0.05))
    (fp_line (start 1.85 0.95) (end -1.85 0.95) (layer F.CrtYd) (width 0.05))
    (fp_text user %R (at 0 0 270) (layer F.Fab) hide
      (effects (font (size 0.5 0.5) (thickness 0.08)))
    )
    (pad 1 smd roundrect (at -1.025 0 270) (size 1.15 1.4) (layers F.Cu F.Paste F.Mask) (roundrect_rratio 0.217391)
      (net 18 "Net-(C11-Pad1)"))
    (pad 2 smd roundrect (at 1.025 0 270) (size 1.15 1.4) (layers F.Cu F.Paste F.Mask) (roundrect_rratio 0.217391)
      (net 4 "Net-(C11-Pad2)"))
    (model ${KISYS3DMOD}/Capacitor_SMD.3dshapes/C_0805_2012Metric.wrl
      (at (xyz 0 0 0))
      (scale (xyz 1 1 1))
      (rotate (xyz 0 0 0))
    )
  )

  (module Capacitor_SMD:C_0805_2012Metric_Pad1.15x1.40mm_HandSolder (layer F.Cu) (tedit 5C5C863D) (tstamp 5C5C9AAA)
    (at 87.55 56 270)
    (descr "Capacitor SMD 0805 (2012 Metric), square (rectangular) end terminal, IPC_7351 nominal with elongated pad for handsoldering. (Body size source: https://docs.google.com/spreadsheets/d/1BsfQQcO9C6DZCsRaXUlFlo91Tg2WpOkGARC1WS5S8t0/edit?usp=sharing), generated with kicad-footprint-generator")
    (tags "capacitor handsolder")
    (path /5C5D0505)
    (attr smd)
    (fp_text reference C24 (at 0 0.025 270) (layer F.SilkS)
      (effects (font (size 0.5 0.5) (thickness 0.07)))
    )
    (fp_text value 100n (at 0 1.65 270) (layer F.Fab) hide
      (effects (font (size 1 1) (thickness 0.15)))
    )
    (fp_text user %R (at 0 0 270) (layer F.Fab) hide
      (effects (font (size 0.5 0.5) (thickness 0.08)))
    )
    (fp_line (start 1.85 0.95) (end -1.85 0.95) (layer F.CrtYd) (width 0.05))
    (fp_line (start 1.85 -0.95) (end 1.85 0.95) (layer F.CrtYd) (width 0.05))
    (fp_line (start -1.85 -0.95) (end 1.85 -0.95) (layer F.CrtYd) (width 0.05))
    (fp_line (start -1.85 0.95) (end -1.85 -0.95) (layer F.CrtYd) (width 0.05))
    (fp_line (start -0.261252 0.71) (end 0.261252 0.71) (layer F.SilkS) (width 0.12))
    (fp_line (start -0.261252 -0.71) (end 0.261252 -0.71) (layer F.SilkS) (width 0.12))
    (fp_line (start 1 0.6) (end -1 0.6) (layer F.Fab) (width 0.1))
    (fp_line (start 1 -0.6) (end 1 0.6) (layer F.Fab) (width 0.1))
    (fp_line (start -1 -0.6) (end 1 -0.6) (layer F.Fab) (width 0.1))
    (fp_line (start -1 0.6) (end -1 -0.6) (layer F.Fab) (width 0.1))
    (pad 2 smd roundrect (at 1.025 0 270) (size 1.15 1.4) (layers F.Cu F.Paste F.Mask) (roundrect_rratio 0.217391)
      (net 32 /3V3))
    (pad 1 smd roundrect (at -1.025 0 270) (size 1.15 1.4) (layers F.Cu F.Paste F.Mask) (roundrect_rratio 0.217391)
      (net 1 Earth))
    (model ${KISYS3DMOD}/Capacitor_SMD.3dshapes/C_0805_2012Metric.wrl
      (at (xyz 0 0 0))
      (scale (xyz 1 1 1))
      (rotate (xyz 0 0 0))
    )
  )

  (module Inductor_SMD:L_0805_2012Metric_Pad1.15x1.40mm_HandSolder (layer F.Cu) (tedit 5C54C53C) (tstamp 5C54C0AE)
    (at 71.8 68.2 90)
    (descr "Capacitor SMD 0805 (2012 Metric), square (rectangular) end terminal, IPC_7351 nominal with elongated pad for handsoldering. (Body size source: https://docs.google.com/spreadsheets/d/1BsfQQcO9C6DZCsRaXUlFlo91Tg2WpOkGARC1WS5S8t0/edit?usp=sharing), generated with kicad-footprint-generator")
    (tags "inductor handsolder")
    (path /5C109059)
    (attr smd)
    (fp_text reference L10 (at 0.9 -1.65 90) (layer F.SilkS)
      (effects (font (size 0.5 0.5) (thickness 0.07)))
    )
    (fp_text value L (at 0 1.65 90) (layer F.Fab) hide
      (effects (font (size 1 1) (thickness 0.15)))
    )
    (fp_text user %R (at 0 0 90) (layer F.Fab) hide
      (effects (font (size 0.5 0.5) (thickness 0.08)))
    )
    (fp_line (start 1.85 0.95) (end -1.85 0.95) (layer F.CrtYd) (width 0.05))
    (fp_line (start 1.85 -0.95) (end 1.85 0.95) (layer F.CrtYd) (width 0.05))
    (fp_line (start -1.85 -0.95) (end 1.85 -0.95) (layer F.CrtYd) (width 0.05))
    (fp_line (start -1.85 0.95) (end -1.85 -0.95) (layer F.CrtYd) (width 0.05))
    (fp_line (start -0.261252 0.71) (end 0.261252 0.71) (layer F.SilkS) (width 0.12))
    (fp_line (start -0.261252 -0.71) (end 0.261252 -0.71) (layer F.SilkS) (width 0.12))
    (fp_line (start 1 0.6) (end -1 0.6) (layer F.Fab) (width 0.1))
    (fp_line (start 1 -0.6) (end 1 0.6) (layer F.Fab) (width 0.1))
    (fp_line (start -1 -0.6) (end 1 -0.6) (layer F.Fab) (width 0.1))
    (fp_line (start -1 0.6) (end -1 -0.6) (layer F.Fab) (width 0.1))
    (pad 2 smd roundrect (at 1.025 0 90) (size 1.15 1.4) (layers F.Cu F.Paste F.Mask) (roundrect_rratio 0.217391)
      (net 18 "Net-(C11-Pad1)"))
    (pad 1 smd roundrect (at -1.025 0 90) (size 1.15 1.4) (layers F.Cu F.Paste F.Mask) (roundrect_rratio 0.217391)
      (net 28 "Net-(L10-Pad1)"))
    (model ${KISYS3DMOD}/Inductor_SMD.3dshapes/L_0805_2012Metric.wrl
      (at (xyz 0 0 0))
      (scale (xyz 1 1 1))
      (rotate (xyz 0 0 0))
    )
  )

  (module Capacitor_THT:CP_Radial_D4.0mm_P2.00mm (layer F.Cu) (tedit 5C5AB419) (tstamp 5C54BFAB)
    (at 59.7 75.45 270)
    (descr "CP, Radial series, Radial, pin pitch=2.00mm, , diameter=4mm, Electrolytic Capacitor")
    (tags "CP Radial series Radial pin pitch 2.00mm  diameter 4mm Electrolytic Capacitor")
    (path /5BF4FC6C)
    (fp_text reference C14 (at 0.05 3.1) (layer F.SilkS)
      (effects (font (size 0.5 0.5) (thickness 0.07)))
    )
    (fp_text value " 68u" (at 1 3.25 270) (layer F.Fab) hide
      (effects (font (size 1 1) (thickness 0.15)))
    )
    (fp_text user %R (at 1 0 270) (layer F.Fab) hide
      (effects (font (size 0.8 0.8) (thickness 0.12)))
    )
    (fp_line (start -1.069801 -1.395) (end -1.069801 -0.995) (layer F.SilkS) (width 0.12))
    (fp_line (start -1.269801 -1.195) (end -0.869801 -1.195) (layer F.SilkS) (width 0.12))
    (fp_line (start 3.081 -0.37) (end 3.081 0.37) (layer F.SilkS) (width 0.12))
    (fp_line (start 3.041 -0.537) (end 3.041 0.537) (layer F.SilkS) (width 0.12))
    (fp_line (start 3.001 -0.664) (end 3.001 0.664) (layer F.SilkS) (width 0.12))
    (fp_line (start 2.961 -0.768) (end 2.961 0.768) (layer F.SilkS) (width 0.12))
    (fp_line (start 2.921 -0.859) (end 2.921 0.859) (layer F.SilkS) (width 0.12))
    (fp_line (start 2.881 -0.94) (end 2.881 0.94) (layer F.SilkS) (width 0.12))
    (fp_line (start 2.841 -1.013) (end 2.841 1.013) (layer F.SilkS) (width 0.12))
    (fp_line (start 2.801 0.84) (end 2.801 1.08) (layer F.SilkS) (width 0.12))
    (fp_line (start 2.801 -1.08) (end 2.801 -0.84) (layer F.SilkS) (width 0.12))
    (fp_line (start 2.761 0.84) (end 2.761 1.142) (layer F.SilkS) (width 0.12))
    (fp_line (start 2.761 -1.142) (end 2.761 -0.84) (layer F.SilkS) (width 0.12))
    (fp_line (start 2.721 0.84) (end 2.721 1.2) (layer F.SilkS) (width 0.12))
    (fp_line (start 2.721 -1.2) (end 2.721 -0.84) (layer F.SilkS) (width 0.12))
    (fp_line (start 2.681 0.84) (end 2.681 1.254) (layer F.SilkS) (width 0.12))
    (fp_line (start 2.681 -1.254) (end 2.681 -0.84) (layer F.SilkS) (width 0.12))
    (fp_line (start 2.641 0.84) (end 2.641 1.304) (layer F.SilkS) (width 0.12))
    (fp_line (start 2.641 -1.304) (end 2.641 -0.84) (layer F.SilkS) (width 0.12))
    (fp_line (start 2.601 0.84) (end 2.601 1.351) (layer F.SilkS) (width 0.12))
    (fp_line (start 2.601 -1.351) (end 2.601 -0.84) (layer F.SilkS) (width 0.12))
    (fp_line (start 2.561 0.84) (end 2.561 1.396) (layer F.SilkS) (width 0.12))
    (fp_line (start 2.561 -1.396) (end 2.561 -0.84) (layer F.SilkS) (width 0.12))
    (fp_line (start 2.521 0.84) (end 2.521 1.438) (layer F.SilkS) (width 0.12))
    (fp_line (start 2.521 -1.438) (end 2.521 -0.84) (layer F.SilkS) (width 0.12))
    (fp_line (start 2.481 0.84) (end 2.481 1.478) (layer F.SilkS) (width 0.12))
    (fp_line (start 2.481 -1.478) (end 2.481 -0.84) (layer F.SilkS) (width 0.12))
    (fp_line (start 2.441 0.84) (end 2.441 1.516) (layer F.SilkS) (width 0.12))
    (fp_line (start 2.441 -1.516) (end 2.441 -0.84) (layer F.SilkS) (width 0.12))
    (fp_line (start 2.401 0.84) (end 2.401 1.552) (layer F.SilkS) (width 0.12))
    (fp_line (start 2.401 -1.552) (end 2.401 -0.84) (layer F.SilkS) (width 0.12))
    (fp_line (start 2.361 0.84) (end 2.361 1.587) (layer F.SilkS) (width 0.12))
    (fp_line (start 2.361 -1.587) (end 2.361 -0.84) (layer F.SilkS) (width 0.12))
    (fp_line (start 2.321 0.84) (end 2.321 1.619) (layer F.SilkS) (width 0.12))
    (fp_line (start 2.321 -1.619) (end 2.321 -0.84) (layer F.SilkS) (width 0.12))
    (fp_line (start 2.281 0.84) (end 2.281 1.65) (layer F.SilkS) (width 0.12))
    (fp_line (start 2.281 -1.65) (end 2.281 -0.84) (layer F.SilkS) (width 0.12))
    (fp_line (start 2.241 0.84) (end 2.241 1.68) (layer F.SilkS) (width 0.12))
    (fp_line (start 2.241 -1.68) (end 2.241 -0.84) (layer F.SilkS) (width 0.12))
    (fp_line (start 2.201 0.84) (end 2.201 1.708) (layer F.SilkS) (width 0.12))
    (fp_line (start 2.201 -1.708) (end 2.201 -0.84) (layer F.SilkS) (width 0.12))
    (fp_line (start 2.161 0.84) (end 2.161 1.735) (layer F.SilkS) (width 0.12))
    (fp_line (start 2.161 -1.735) (end 2.161 -0.84) (layer F.SilkS) (width 0.12))
    (fp_line (start 2.121 0.84) (end 2.121 1.76) (layer F.SilkS) (width 0.12))
    (fp_line (start 2.121 -1.76) (end 2.121 -0.84) (layer F.SilkS) (width 0.12))
    (fp_line (start 2.081 0.84) (end 2.081 1.785) (layer F.SilkS) (width 0.12))
    (fp_line (start 2.081 -1.785) (end 2.081 -0.84) (layer F.SilkS) (width 0.12))
    (fp_line (start 2.041 0.84) (end 2.041 1.808) (layer F.SilkS) (width 0.12))
    (fp_line (start 2.041 -1.808) (end 2.041 -0.84) (layer F.SilkS) (width 0.12))
    (fp_line (start 2.001 0.84) (end 2.001 1.83) (layer F.SilkS) (width 0.12))
    (fp_line (start 2.001 -1.83) (end 2.001 -0.84) (layer F.SilkS) (width 0.12))
    (fp_line (start 1.961 0.84) (end 1.961 1.851) (layer F.SilkS) (width 0.12))
    (fp_line (start 1.961 -1.851) (end 1.961 -0.84) (layer F.SilkS) (width 0.12))
    (fp_line (start 1.921 0.84) (end 1.921 1.87) (layer F.SilkS) (width 0.12))
    (fp_line (start 1.921 -1.87) (end 1.921 -0.84) (layer F.SilkS) (width 0.12))
    (fp_line (start 1.881 0.84) (end 1.881 1.889) (layer F.SilkS) (width 0.12))
    (fp_line (start 1.881 -1.889) (end 1.881 -0.84) (layer F.SilkS) (width 0.12))
    (fp_line (start 1.841 0.84) (end 1.841 1.907) (layer F.SilkS) (width 0.12))
    (fp_line (start 1.841 -1.907) (end 1.841 -0.84) (layer F.SilkS) (width 0.12))
    (fp_line (start 1.801 0.84) (end 1.801 1.924) (layer F.SilkS) (width 0.12))
    (fp_line (start 1.801 -1.924) (end 1.801 -0.84) (layer F.SilkS) (width 0.12))
    (fp_line (start 1.761 0.84) (end 1.761 1.94) (layer F.SilkS) (width 0.12))
    (fp_line (start 1.761 -1.94) (end 1.761 -0.84) (layer F.SilkS) (width 0.12))
    (fp_line (start 1.721 0.84) (end 1.721 1.954) (layer F.SilkS) (width 0.12))
    (fp_line (start 1.721 -1.954) (end 1.721 -0.84) (layer F.SilkS) (width 0.12))
    (fp_line (start 1.68 0.84) (end 1.68 1.968) (layer F.SilkS) (width 0.12))
    (fp_line (start 1.68 -1.968) (end 1.68 -0.84) (layer F.SilkS) (width 0.12))
    (fp_line (start 1.64 0.84) (end 1.64 1.982) (layer F.SilkS) (width 0.12))
    (fp_line (start 1.64 -1.982) (end 1.64 -0.84) (layer F.SilkS) (width 0.12))
    (fp_line (start 1.6 0.84) (end 1.6 1.994) (layer F.SilkS) (width 0.12))
    (fp_line (start 1.6 -1.994) (end 1.6 -0.84) (layer F.SilkS) (width 0.12))
    (fp_line (start 1.56 0.84) (end 1.56 2.005) (layer F.SilkS) (width 0.12))
    (fp_line (start 1.56 -2.005) (end 1.56 -0.84) (layer F.SilkS) (width 0.12))
    (fp_line (start 1.52 0.84) (end 1.52 2.016) (layer F.SilkS) (width 0.12))
    (fp_line (start 1.52 -2.016) (end 1.52 -0.84) (layer F.SilkS) (width 0.12))
    (fp_line (start 1.48 0.84) (end 1.48 2.025) (layer F.SilkS) (width 0.12))
    (fp_line (start 1.48 -2.025) (end 1.48 -0.84) (layer F.SilkS) (width 0.12))
    (fp_line (start 1.44 0.84) (end 1.44 2.034) (layer F.SilkS) (width 0.12))
    (fp_line (start 1.44 -2.034) (end 1.44 -0.84) (layer F.SilkS) (width 0.12))
    (fp_line (start 1.4 0.84) (end 1.4 2.042) (layer F.SilkS) (width 0.12))
    (fp_line (start 1.4 -2.042) (end 1.4 -0.84) (layer F.SilkS) (width 0.12))
    (fp_line (start 1.36 0.84) (end 1.36 2.05) (layer F.SilkS) (width 0.12))
    (fp_line (start 1.36 -2.05) (end 1.36 -0.84) (layer F.SilkS) (width 0.12))
    (fp_line (start 1.32 0.84) (end 1.32 2.056) (layer F.SilkS) (width 0.12))
    (fp_line (start 1.32 -2.056) (end 1.32 -0.84) (layer F.SilkS) (width 0.12))
    (fp_line (start 1.28 0.84) (end 1.28 2.062) (layer F.SilkS) (width 0.12))
    (fp_line (start 1.28 -2.062) (end 1.28 -0.84) (layer F.SilkS) (width 0.12))
    (fp_line (start 1.24 0.84) (end 1.24 2.067) (layer F.SilkS) (width 0.12))
    (fp_line (start 1.24 -2.067) (end 1.24 -0.84) (layer F.SilkS) (width 0.12))
    (fp_line (start 1.2 0.84) (end 1.2 2.071) (layer F.SilkS) (width 0.12))
    (fp_line (start 1.2 -2.071) (end 1.2 -0.84) (layer F.SilkS) (width 0.12))
    (fp_line (start 1.16 -2.074) (end 1.16 2.074) (layer F.SilkS) (width 0.12))
    (fp_line (start 1.12 -2.077) (end 1.12 2.077) (layer F.SilkS) (width 0.12))
    (fp_line (start 1.08 -2.079) (end 1.08 2.079) (layer F.SilkS) (width 0.12))
    (fp_line (start 1.04 -2.08) (end 1.04 2.08) (layer F.SilkS) (width 0.12))
    (fp_line (start 1 -2.08) (end 1 2.08) (layer F.SilkS) (width 0.12))
    (fp_line (start -0.502554 -1.0675) (end -0.502554 -0.6675) (layer F.Fab) (width 0.1))
    (fp_line (start -0.702554 -0.8675) (end -0.302554 -0.8675) (layer F.Fab) (width 0.1))
    (fp_circle (center 1 0) (end 3.25 0) (layer F.CrtYd) (width 0.05))
    (fp_circle (center 1 0) (end 3.12 0) (layer F.SilkS) (width 0.12))
    (fp_circle (center 1 0) (end 3 0) (layer F.Fab) (width 0.1))
    (pad 2 thru_hole circle (at 2 0 270) (size 1.2 1.2) (drill 0.6) (layers *.Cu *.Mask)
      (net 1 Earth))
    (pad 1 thru_hole rect (at 0 0 270) (size 1.2 1.2) (drill 0.6) (layers *.Cu *.Mask)
      (net 32 /3V3))
    (model ${KISYS3DMOD}/Capacitor_THT.3dshapes/CP_Radial_D4.0mm_P2.00mm.wrl
      (at (xyz 0 0 0))
      (scale (xyz 1 1 1))
      (rotate (xyz 0 0 0))
    )
  )

  (module Capacitor_SMD:C_0805_2012Metric_Pad1.15x1.40mm_HandSolder (layer F.Cu) (tedit 5C02F24C) (tstamp 5C5C8C41)
    (at 88.45 62.9 180)
    (descr "Capacitor SMD 0805 (2012 Metric), square (rectangular) end terminal, IPC_7351 nominal with elongated pad for handsoldering. (Body size source: https://docs.google.com/spreadsheets/d/1BsfQQcO9C6DZCsRaXUlFlo91Tg2WpOkGARC1WS5S8t0/edit?usp=sharing), generated with kicad-footprint-generator")
    (tags "capacitor handsolder")
    (path /5C75EF33)
    (attr smd)
    (fp_text reference C2 (at 0 -0.05 180) (layer F.SilkS)
      (effects (font (size 0.5 0.5) (thickness 0.07)))
    )
    (fp_text value 15p (at 0 1.65 180) (layer F.Fab) hide
      (effects (font (size 1 1) (thickness 0.15)))
    )
    (fp_text user %R (at 0 0 180) (layer F.Fab) hide
      (effects (font (size 0.5 0.5) (thickness 0.08)))
    )
    (fp_line (start 1.85 0.95) (end -1.85 0.95) (layer F.CrtYd) (width 0.05))
    (fp_line (start 1.85 -0.95) (end 1.85 0.95) (layer F.CrtYd) (width 0.05))
    (fp_line (start -1.85 -0.95) (end 1.85 -0.95) (layer F.CrtYd) (width 0.05))
    (fp_line (start -1.85 0.95) (end -1.85 -0.95) (layer F.CrtYd) (width 0.05))
    (fp_line (start -0.261252 0.71) (end 0.261252 0.71) (layer F.SilkS) (width 0.12))
    (fp_line (start -0.261252 -0.71) (end 0.261252 -0.71) (layer F.SilkS) (width 0.12))
    (fp_line (start 1 0.6) (end -1 0.6) (layer F.Fab) (width 0.1))
    (fp_line (start 1 -0.6) (end 1 0.6) (layer F.Fab) (width 0.1))
    (fp_line (start -1 -0.6) (end 1 -0.6) (layer F.Fab) (width 0.1))
    (fp_line (start -1 0.6) (end -1 -0.6) (layer F.Fab) (width 0.1))
    (pad 2 smd roundrect (at 1.025 0 180) (size 1.15 1.4) (layers F.Cu F.Paste F.Mask) (roundrect_rratio 0.217391)
      (net 1 Earth))
    (pad 1 smd roundrect (at -1.025 0 180) (size 1.15 1.4) (layers F.Cu F.Paste F.Mask) (roundrect_rratio 0.217391)
      (net 13 /LO_IN))
    (model ${KISYS3DMOD}/Capacitor_SMD.3dshapes/C_0805_2012Metric.wrl
      (at (xyz 0 0 0))
      (scale (xyz 1 1 1))
      (rotate (xyz 0 0 0))
    )
  )

  (module Inductor_SMD:L_0805_2012Metric_Pad1.15x1.40mm_HandSolder (layer F.Cu) (tedit 5C03D4CF) (tstamp 5C5C8C71)
    (at 90.35 61)
    (descr "Capacitor SMD 0805 (2012 Metric), square (rectangular) end terminal, IPC_7351 nominal with elongated pad for handsoldering. (Body size source: https://docs.google.com/spreadsheets/d/1BsfQQcO9C6DZCsRaXUlFlo91Tg2WpOkGARC1WS5S8t0/edit?usp=sharing), generated with kicad-footprint-generator")
    (tags "inductor handsolder")
    (path /5C75EE3C)
    (attr smd)
    (fp_text reference L3 (at 0.05 0) (layer F.SilkS)
      (effects (font (size 0.5 0.5) (thickness 0.07)))
    )
    (fp_text value 68n (at 0 1.65) (layer F.Fab) hide
      (effects (font (size 1 1) (thickness 0.15)))
    )
    (fp_line (start -1 0.6) (end -1 -0.6) (layer F.Fab) (width 0.1))
    (fp_line (start -1 -0.6) (end 1 -0.6) (layer F.Fab) (width 0.1))
    (fp_line (start 1 -0.6) (end 1 0.6) (layer F.Fab) (width 0.1))
    (fp_line (start 1 0.6) (end -1 0.6) (layer F.Fab) (width 0.1))
    (fp_line (start -0.261252 -0.71) (end 0.261252 -0.71) (layer F.SilkS) (width 0.12))
    (fp_line (start -0.261252 0.71) (end 0.261252 0.71) (layer F.SilkS) (width 0.12))
    (fp_line (start -1.85 0.95) (end -1.85 -0.95) (layer F.CrtYd) (width 0.05))
    (fp_line (start -1.85 -0.95) (end 1.85 -0.95) (layer F.CrtYd) (width 0.05))
    (fp_line (start 1.85 -0.95) (end 1.85 0.95) (layer F.CrtYd) (width 0.05))
    (fp_line (start 1.85 0.95) (end -1.85 0.95) (layer F.CrtYd) (width 0.05))
    (fp_text user %R (at 0 0) (layer F.Fab) hide
      (effects (font (size 0.5 0.5) (thickness 0.08)))
    )
    (pad 1 smd roundrect (at -1.025 0) (size 1.15 1.4) (layers F.Cu F.Paste F.Mask) (roundrect_rratio 0.217391)
      (net 13 /LO_IN))
    (pad 2 smd roundrect (at 1.025 0) (size 1.15 1.4) (layers F.Cu F.Paste F.Mask) (roundrect_rratio 0.217391)
      (net 16 "Net-(C4-Pad1)"))
    (model ${KISYS3DMOD}/Inductor_SMD.3dshapes/L_0805_2012Metric.wrl
      (at (xyz 0 0 0))
      (scale (xyz 1 1 1))
      (rotate (xyz 0 0 0))
    )
  )

  (module Crystal:Crystal_SMD_3225-4Pin_3.2x2.5mm_HandSoldering (layer F.Cu) (tedit 5C56CDE9) (tstamp 5C5C8CA4)
    (at 97.1 58.7 90)
    (descr "SMD Crystal SERIES SMD3225/4 http://www.txccrystal.com/images/pdf/7m-accuracy.pdf, hand-soldering, 3.2x2.5mm^2 package")
    (tags "SMD SMT crystal hand-soldering")
    (path /5C5AD148)
    (attr smd)
    (fp_text reference Y1 (at 0.05 1.75 90) (layer F.SilkS)
      (effects (font (size 0.5 0.5) (thickness 0.07)))
    )
    (fp_text value Crystal_GND24 (at 0 3.05 90) (layer F.Fab) hide
      (effects (font (size 1 1) (thickness 0.15)))
    )
    (fp_text user %R (at 10.3 1.9 90) (layer F.Fab) hide
      (effects (font (size 0.7 0.7) (thickness 0.105)))
    )
    (fp_line (start -1.6 -1.25) (end -1.6 1.25) (layer F.Fab) (width 0.1))
    (fp_line (start -1.6 1.25) (end 1.6 1.25) (layer F.Fab) (width 0.1))
    (fp_line (start 1.6 1.25) (end 1.6 -1.25) (layer F.Fab) (width 0.1))
    (fp_line (start 1.6 -1.25) (end -1.6 -1.25) (layer F.Fab) (width 0.1))
    (fp_line (start -1.6 0.25) (end -0.6 1.25) (layer F.Fab) (width 0.1))
    (fp_line (start -2.7 -2.25) (end -2.7 2.25) (layer F.SilkS) (width 0.12))
    (fp_line (start -2.7 2.25) (end 2.7 2.25) (layer F.SilkS) (width 0.12))
    (fp_line (start -2.8 -2.3) (end -2.8 2.3) (layer F.CrtYd) (width 0.05))
    (fp_line (start -2.8 2.3) (end 2.8 2.3) (layer F.CrtYd) (width 0.05))
    (fp_line (start 2.8 2.3) (end 2.8 -2.3) (layer F.CrtYd) (width 0.05))
    (fp_line (start 2.8 -2.3) (end -2.8 -2.3) (layer F.CrtYd) (width 0.05))
    (pad 1 smd rect (at -1.45 1.15 90) (size 2.1 1.8) (layers F.Cu F.Paste F.Mask)
      (net 30 "Net-(U2-Pad2)"))
    (pad 2 smd rect (at 1.45 1.15 90) (size 2.1 1.8) (layers F.Cu F.Paste F.Mask)
      (net 1 Earth))
    (pad 3 smd rect (at 1.45 -1.15 90) (size 2.1 1.8) (layers F.Cu F.Paste F.Mask)
      (net 31 "Net-(U2-Pad3)"))
    (pad 4 smd rect (at -1.45 -1.15 90) (size 2.1 1.8) (layers F.Cu F.Paste F.Mask)
      (net 1 Earth))
    (model ${KISYS3DMOD}/Crystal.3dshapes/Crystal_SMD_3225-4Pin_3.2x2.5mm_HandSoldering.wrl
      (at (xyz 0 0 0))
      (scale (xyz 1 1 1))
      (rotate (xyz 0 0 0))
    )
  )

  (module Capacitor_SMD:C_0805_2012Metric_Pad1.15x1.40mm_HandSolder (layer F.Cu) (tedit 5C0303D5) (tstamp 5C5C8CDA)
    (at 77.55 64.3 180)
    (descr "Capacitor SMD 0805 (2012 Metric), square (rectangular) end terminal, IPC_7351 nominal with elongated pad for handsoldering. (Body size source: https://docs.google.com/spreadsheets/d/1BsfQQcO9C6DZCsRaXUlFlo91Tg2WpOkGARC1WS5S8t0/edit?usp=sharing), generated with kicad-footprint-generator")
    (tags "capacitor handsolder")
    (path /5C5D8168)
    (attr smd)
    (fp_text reference C13 (at 2.65 -0.55 180) (layer F.SilkS)
      (effects (font (size 0.5 0.5) (thickness 0.07)))
    )
    (fp_text value 10n (at 0 1.65 180) (layer F.Fab) hide
      (effects (font (size 1 1) (thickness 0.15)))
    )
    (fp_line (start -1 0.6) (end -1 -0.6) (layer F.Fab) (width 0.1))
    (fp_line (start -1 -0.6) (end 1 -0.6) (layer F.Fab) (width 0.1))
    (fp_line (start 1 -0.6) (end 1 0.6) (layer F.Fab) (width 0.1))
    (fp_line (start 1 0.6) (end -1 0.6) (layer F.Fab) (width 0.1))
    (fp_line (start -0.261252 -0.71) (end 0.261252 -0.71) (layer F.SilkS) (width 0.12))
    (fp_line (start -0.261252 0.71) (end 0.261252 0.71) (layer F.SilkS) (width 0.12))
    (fp_line (start -1.85 0.95) (end -1.85 -0.95) (layer F.CrtYd) (width 0.05))
    (fp_line (start -1.85 -0.95) (end 1.85 -0.95) (layer F.CrtYd) (width 0.05))
    (fp_line (start 1.85 -0.95) (end 1.85 0.95) (layer F.CrtYd) (width 0.05))
    (fp_line (start 1.85 0.95) (end -1.85 0.95) (layer F.CrtYd) (width 0.05))
    (fp_text user %R (at 0 0 180) (layer F.Fab) hide
      (effects (font (size 0.5 0.5) (thickness 0.08)))
    )
    (pad 1 smd roundrect (at -1.024999 0 180) (size 1.15 1.4) (layers F.Cu F.Paste F.Mask) (roundrect_rratio 0.217391)
      (net 19 "Net-(C13-Pad1)"))
    (pad 2 smd roundrect (at 1.024999 0 180) (size 1.15 1.4) (layers F.Cu F.Paste F.Mask) (roundrect_rratio 0.217391)
      (net 5 "Net-(C13-Pad2)"))
    (model ${KISYS3DMOD}/Capacitor_SMD.3dshapes/C_0805_2012Metric.wrl
      (at (xyz 0 0 0))
      (scale (xyz 1 1 1))
      (rotate (xyz 0 0 0))
    )
  )

  (module Resistor_SMD:R_0805_2012Metric_Pad1.15x1.40mm_HandSolder (layer F.Cu) (tedit 5C0300D5) (tstamp 5C02F842)
    (at 63.2 64.4 270)
    (descr "Resistor SMD 0805 (2012 Metric), square (rectangular) end terminal, IPC_7351 nominal with elongated pad for handsoldering. (Body size source: https://docs.google.com/spreadsheets/d/1BsfQQcO9C6DZCsRaXUlFlo91Tg2WpOkGARC1WS5S8t0/edit?usp=sharing), generated with kicad-footprint-generator")
    (tags "resistor handsolder")
    (path /5C4C7A33)
    (attr smd)
    (fp_text reference R2 (at 0.2 -1.4 270) (layer F.SilkS)
      (effects (font (size 0.5 0.5) (thickness 0.07)))
    )
    (fp_text value 120 (at 0 1.65 270) (layer F.Fab) hide
      (effects (font (size 1 1) (thickness 0.15)))
    )
    (fp_text user %R (at 0 0 270) (layer F.Fab) hide
      (effects (font (size 0.5 0.5) (thickness 0.08)))
    )
    (fp_line (start 1.85 0.95) (end -1.85 0.95) (layer F.CrtYd) (width 0.05))
    (fp_line (start 1.85 -0.95) (end 1.85 0.95) (layer F.CrtYd) (width 0.05))
    (fp_line (start -1.85 -0.95) (end 1.85 -0.95) (layer F.CrtYd) (width 0.05))
    (fp_line (start -1.85 0.95) (end -1.85 -0.95) (layer F.CrtYd) (width 0.05))
    (fp_line (start -0.261252 0.71) (end 0.261252 0.71) (layer F.SilkS) (width 0.12))
    (fp_line (start -0.261252 -0.71) (end 0.261252 -0.71) (layer F.SilkS) (width 0.12))
    (fp_line (start 1 0.6) (end -1 0.6) (layer F.Fab) (width 0.1))
    (fp_line (start 1 -0.6) (end 1 0.6) (layer F.Fab) (width 0.1))
    (fp_line (start -1 -0.6) (end 1 -0.6) (layer F.Fab) (width 0.1))
    (fp_line (start -1 0.6) (end -1 -0.6) (layer F.Fab) (width 0.1))
    (pad 2 smd roundrect (at 1.025 0 270) (size 1.15 1.4) (layers F.Cu F.Paste F.Mask) (roundrect_rratio 0.217391)
      (net 1 Earth))
    (pad 1 smd roundrect (at -1.025 0 270) (size 1.15 1.4) (layers F.Cu F.Paste F.Mask) (roundrect_rratio 0.217391)
      (net 6 "Net-(F2-Pad1)"))
    (model ${KISYS3DMOD}/Resistor_SMD.3dshapes/R_0805_2012Metric.wrl
      (at (xyz 0 0 0))
      (scale (xyz 1 1 1))
      (rotate (xyz 0 0 0))
    )
  )

  (module Package_SO:SSOP-20_4.4x6.5mm_P0.65mm (layer F.Cu) (tedit 5C01B8D9) (tstamp 5C01BAC0)
    (at 69.75 62.75 180)
    (descr "SSOP20: plastic shrink small outline package; 20 leads; body width 4.4 mm; (see NXP SSOP-TSSOP-VSO-REFLOW.pdf and sot266-1_po.pdf)")
    (tags "SSOP 0.65")
    (path /5C08D7CF)
    (attr smd)
    (fp_text reference U1 (at -0.05 -0.05 180) (layer F.SilkS)
      (effects (font (size 0.5 0.5) (thickness 0.07)))
    )
    (fp_text value SA636DK (at 0 4.3 180) (layer F.Fab) hide
      (effects (font (size 1 1) (thickness 0.15)))
    )
    (fp_line (start -1.2 -3.25) (end 2.2 -3.25) (layer F.Fab) (width 0.15))
    (fp_line (start 2.2 -3.25) (end 2.2 3.25) (layer F.Fab) (width 0.15))
    (fp_line (start 2.2 3.25) (end -2.2 3.25) (layer F.Fab) (width 0.15))
    (fp_line (start -2.2 3.25) (end -2.2 -2.25) (layer F.Fab) (width 0.15))
    (fp_line (start -2.2 -2.25) (end -1.2 -3.25) (layer F.Fab) (width 0.15))
    (fp_line (start -3.65 -3.55) (end -3.65 3.55) (layer F.CrtYd) (width 0.05))
    (fp_line (start 3.65 -3.55) (end 3.65 3.55) (layer F.CrtYd) (width 0.05))
    (fp_line (start -3.65 -3.55) (end 3.65 -3.55) (layer F.CrtYd) (width 0.05))
    (fp_line (start -3.65 3.55) (end 3.65 3.55) (layer F.CrtYd) (width 0.05))
    (fp_line (start 2.325 -3.45) (end 2.325 -3.35) (layer F.SilkS) (width 0.15))
    (fp_line (start 2.325 3.375) (end 2.325 3.35) (layer F.SilkS) (width 0.15))
    (fp_line (start -2.325 3.375) (end -2.325 3.35) (layer F.SilkS) (width 0.15))
    (fp_line (start -3.4 -3.45) (end 2.325 -3.45) (layer F.SilkS) (width 0.15))
    (fp_line (start -2.325 3.375) (end 2.325 3.375) (layer F.SilkS) (width 0.15))
    (fp_text user %R (at 0 0 180) (layer F.Fab) hide
      (effects (font (size 0.8 0.8) (thickness 0.15)))
    )
    (pad 1 smd rect (at -2.9 -2.925 180) (size 1 0.4) (layers F.Cu F.Paste F.Mask)
      (net 28 "Net-(L10-Pad1)"))
    (pad 2 smd rect (at -2.9 -2.275 180) (size 1 0.4) (layers F.Cu F.Paste F.Mask)
      (net 18 "Net-(C11-Pad1)"))
    (pad 3 smd rect (at -2.9 -1.625 180) (size 1 0.4) (layers F.Cu F.Paste F.Mask))
    (pad 4 smd rect (at -2.9 -0.975 180) (size 1 0.4) (layers F.Cu F.Paste F.Mask)
      (net 5 "Net-(C13-Pad2)"))
    (pad 5 smd rect (at -2.9 -0.325 180) (size 1 0.4) (layers F.Cu F.Paste F.Mask)
      (net 32 /3V3))
    (pad 6 smd rect (at -2.9 0.325 180) (size 1 0.4) (layers F.Cu F.Paste F.Mask)
      (net 27 /RSSI_OUT))
    (pad 7 smd rect (at -2.9 0.975 180) (size 1 0.4) (layers F.Cu F.Paste F.Mask)
      (net 27 /RSSI_OUT))
    (pad 8 smd rect (at -2.9 1.625 180) (size 1 0.4) (layers F.Cu F.Paste F.Mask)
      (net 26 /POW_CON_IN))
    (pad 9 smd rect (at -2.9 2.275 180) (size 1 0.4) (layers F.Cu F.Paste F.Mask)
      (net 9 /DAT_OUT))
    (pad 10 smd rect (at -2.9 2.925 180) (size 1 0.4) (layers F.Cu F.Paste F.Mask)
      (net 29 "Net-(C18-Pad2)"))
    (pad 11 smd rect (at 2.9 2.925 180) (size 1 0.4) (layers F.Cu F.Paste F.Mask)
      (net 8 /LIM_OUT))
    (pad 12 smd rect (at 2.9 2.275 180) (size 1 0.4) (layers F.Cu F.Paste F.Mask)
      (net 23 "Net-(C22-Pad2)"))
    (pad 13 smd rect (at 2.9 1.625 180) (size 1 0.4) (layers F.Cu F.Paste F.Mask)
      (net 22 "Net-(C21-Pad2)"))
    (pad 14 smd rect (at 2.9 0.975 180) (size 1 0.4) (layers F.Cu F.Paste F.Mask)
      (net 25 "Net-(F2-Pad6)"))
    (pad 15 smd rect (at 2.9 0.325 180) (size 1 0.4) (layers F.Cu F.Paste F.Mask)
      (net 1 Earth))
    (pad 16 smd rect (at 2.9 -0.325 180) (size 1 0.4) (layers F.Cu F.Paste F.Mask)
      (net 6 "Net-(F2-Pad1)"))
    (pad 17 smd rect (at 2.9 -0.975 180) (size 1 0.4) (layers F.Cu F.Paste F.Mask)
      (net 21 "Net-(C20-Pad2)"))
    (pad 18 smd rect (at 2.9 -1.625 180) (size 1 0.4) (layers F.Cu F.Paste F.Mask)
      (net 24 "Net-(F1-Pad6)"))
    (pad 19 smd rect (at 2.9 -2.275 180) (size 1 0.4) (layers F.Cu F.Paste F.Mask)
      (net 20 "Net-(C19-Pad2)"))
    (pad 20 smd rect (at 2.9 -2.925 180) (size 1 0.4) (layers F.Cu F.Paste F.Mask)
      (net 7 "Net-(F1-Pad1)"))
    (model ${KISYS3DMOD}/Package_SO.3dshapes/SSOP-20_4.4x6.5mm_P0.65mm.wrl
      (at (xyz 0 0 0))
      (scale (xyz 1 1 1))
      (rotate (xyz 0 0 0))
    )
  )

  (module Connector_Coaxial:U.FL_Hirose_U.FL-R-SMT-1_Vertical (layer F.Cu) (tedit 5C56F131) (tstamp 5C01BA7D)
    (at 93.45 73.7)
    (descr "Hirose U.FL Coaxial https://www.hirose.com/product/en/products/U.FL/U.FL-R-SMT-1%2810%29/")
    (tags "Hirose U.FL Coaxial")
    (path /5BE36382)
    (attr smd)
    (fp_text reference J1 (at 0.45 0 -180) (layer F.SilkS)
      (effects (font (size 0.5 0.5) (thickness 0.07)))
    )
    (fp_text value "U.FL-R-SMT-1(01) " (at 0.475 3.2) (layer F.Fab) hide
      (effects (font (size 1 1) (thickness 0.15)))
    )
    (fp_text user %R (at 0.475 0 -270) (layer F.Fab) hide
      (effects (font (size 0.6 0.6) (thickness 0.09)))
    )
    (fp_line (start -2.02 1) (end -2.02 -1) (layer F.CrtYd) (width 0.05))
    (fp_line (start -1.32 1) (end -2.02 1) (layer F.CrtYd) (width 0.05))
    (fp_line (start 2.08 1.8) (end 2.28 1.8) (layer F.CrtYd) (width 0.05))
