(kicad_pcb (version 20171130) (host pcbnew "(5.0.1-3-g963ef8bb5)")

  (general
    (thickness 1.6)
    (drawings 4)
    (tracks 35)
    (zones 0)
    (modules 9)
    (nets 6)
  )

  (page A4)
  (layers
    (0 F.Cu signal)
    (31 B.Cu signal)
    (32 B.Adhes user)
    (33 F.Adhes user)
    (34 B.Paste user)
    (35 F.Paste user)
    (36 B.SilkS user)
    (37 F.SilkS user)
    (38 B.Mask user)
    (39 F.Mask user)
    (40 Dwgs.User user)
    (41 Cmts.User user)
    (42 Eco1.User user)
    (43 Eco2.User user)
    (44 Edge.Cuts user)
    (45 Margin user)
    (46 B.CrtYd user)
    (47 F.CrtYd user)
    (48 B.Fab user)
    (49 F.Fab user)
  )

  (setup
    (last_trace_width 0.32)
    (trace_clearance 0.2)
    (zone_clearance 0.2)
    (zone_45_only no)
    (trace_min 0.2)
    (segment_width 0.2)
    (edge_width 0.15)
    (via_size 0.8)
    (via_drill 0.4)
    (via_min_size 0.4)
    (via_min_drill 0.3)
    (uvia_size 0.3)
    (uvia_drill 0.1)
    (uvias_allowed no)
    (uvia_min_size 0.2)
    (uvia_min_drill 0.1)
    (pcb_text_width 0.3)
    (pcb_text_size 1.5 1.5)
    (mod_edge_width 0.15)
    (mod_text_size 1 1)
    (mod_text_width 0.15)
    (pad_size 1 1)
    (pad_drill 0.65)
    (pad_to_mask_clearance 0.051)
    (solder_mask_min_width 0.25)
    (aux_axis_origin 0 0)
    (visible_elements FFFFFF7F)
    (pcbplotparams
      (layerselection 0x010fc_ffffffff)
      (usegerberextensions false)
      (usegerberattributes false)
      (usegerberadvancedattributes false)
      (creategerberjobfile false)
      (excludeedgelayer true)
      (linewidth 0.050000)
      (plotframeref false)
      (viasonmask false)
      (mode 1)
      (useauxorigin false)
      (hpglpennumber 1)
      (hpglpenspeed 20)
      (hpglpendiameter 15.000000)
      (psnegative false)
      (psa4output false)
      (plotreference true)
      (plotvalue true)
      (plotinvisibletext false)
      (padsonsilk false)
      (subtractmaskfromsilk false)
      (outputformat 1)
      (mirror false)
      (drillshape 1)
      (scaleselection 1)
      (outputdirectory ""))
  )

  (net 0 "")
  (net 1 GND)
  (net 2 "Net-(CC1-Pad1)")
  (net 3 "Net-(CC2-Pad1)")
  (net 4 "Net-(CC3-Pad1)")
  (net 5 "Net-(CC4-Pad1)")

  (net_class Default "This is the default net class."
    (clearance 0.2)
    (trace_width 0.32)
    (via_dia 0.8)
    (via_drill 0.4)
    (uvia_dia 0.3)
    (uvia_drill 0.1)
    (add_net GND)
    (add_net "Net-(CC1-Pad1)")
    (add_net "Net-(CC2-Pad1)")
    (add_net "Net-(CC3-Pad1)")
    (add_net "Net-(CC4-Pad1)")
  )

  (module Capacitor_SMD:C_0805_2012Metric_Pad1.15x1.40mm_HandSolder (layer F.Cu) (tedit 5C751925) (tstamp 5C81F0EF)
    (at 100.55 51.875 270)
    (descr "Capacitor SMD 0805 (2012 Metric), square (rectangular) end terminal, IPC_7351 nominal with elongated pad for handsoldering. (Body size source: https://docs.google.com/spreadsheets/d/1BsfQQcO9C6DZCsRaXUlFlo91Tg2WpOkGARC1WS5S8t0/edit?usp=sharing), generated with kicad-footprint-generator")
    (tags "capacitor handsolder")
    (path /5C75DFB2)
    (attr smd)
    (fp_text reference CC1 (at 0 1.1 270) (layer F.SilkS)
      (effects (font (size 0.5 0.5) (thickness 0.07)))
    )
    (fp_text value C (at 0 1.65 270) (layer F.Fab) hide
      (effects (font (size 1 1) (thickness 0.15)))
    )
    (fp_line (start -1 0.6) (end -1 -0.6) (layer F.Fab) (width 0.1))
    (fp_line (start -1 -0.6) (end 1 -0.6) (layer F.Fab) (width 0.1))
    (fp_line (start 1 -0.6) (end 1 0.6) (layer F.Fab) (width 0.1))
    (fp_line (start 1 0.6) (end -1 0.6) (layer F.Fab) (width 0.1))
    (fp_line (start -0.261252 -0.71) (end 0.261252 -0.71) (layer F.SilkS) (width 0.12))
    (fp_line (start -0.261252 0.71) (end 0.261252 0.71) (layer F.SilkS) (width 0.12))
    (fp_line (start -1.85 0.95) (end -1.85 -0.95) (layer F.CrtYd) (width 0.05))
    (fp_line (start -1.85 -0.95) (end 1.85 -0.95) (layer F.CrtYd) (width 0.05))
    (fp_line (start 1.85 -0.95) (end 1.85 0.95) (layer F.CrtYd) (width 0.05))
    (fp_line (start 1.85 0.95) (end -1.85 0.95) (layer F.CrtYd) (width 0.05))
    (fp_text user %R (at 0 0 270) (layer F.Fab) hide
      (effects (font (size 0.5 0.5) (thickness 0.08)))
    )
    (pad 1 smd roundrect (at -1.025 0 270) (size 1.15 1.4) (layers F.Cu F.Paste F.Mask) (roundrect_rratio 0.217391)
      (net 2 "Net-(CC1-Pad1)"))
    (pad 2 smd roundrect (at 1.025 0 270) (size 1.15 1.4) (layers F.Cu F.Paste F.Mask) (roundrect_rratio 0.217391)
      (net 1 GND))
    (model ${KISYS3DMOD}/Capacitor_SMD.3dshapes/C_0805_2012Metric.wrl
      (at (xyz 0 0 0))
      (scale (xyz 1 1 1))
      (rotate (xyz 0 0 0))
    )
  )

  (module Capacitor_SMD:C_0805_2012Metric_Pad1.15x1.40mm_HandSolder (layer F.Cu) (tedit 5C75192D) (tstamp 5C818E90)
    (at 104.325 48.1 90)
    (descr "Capacitor SMD 0805 (2012 Metric), square (rectangular) end terminal, IPC_7351 nominal with elongated pad for handsoldering. (Body size source: https://docs.google.com/spreadsheets/d/1BsfQQcO9C6DZCsRaXUlFlo91Tg2WpOkGARC1WS5S8t0/edit?usp=sharing), generated with kicad-footprint-generator")
    (tags "capacitor handsolder")
    (path /5C75E003)
    (attr smd)
    (fp_text reference CC2 (at 0 -1.125 90) (layer F.SilkS)
      (effects (font (size 0.5 0.5) (thickness 0.07)))
    )
    (fp_text value C (at 0 1.65 90) (layer F.Fab) hide
      (effects (font (size 1 1) (thickness 0.15)))
    )
    (fp_text user %R (at 0 0 90) (layer F.Fab) hide
      (effects (font (size 0.5 0.5) (thickness 0.08)))
    )
    (fp_line (start 1.85 0.95) (end -1.85 0.95) (layer F.CrtYd) (width 0.05))
    (fp_line (start 1.85 -0.95) (end 1.85 0.95) (layer F.CrtYd) (width 0.05))
    (fp_line (start -1.85 -0.95) (end 1.85 -0.95) (layer F.CrtYd) (width 0.05))
    (fp_line (start -1.85 0.95) (end -1.85 -0.95) (layer F.CrtYd) (width 0.05))
    (fp_line (start -0.261252 0.71) (end 0.261252 0.71) (layer F.SilkS) (width 0.12))
    (fp_line (start -0.261252 -0.71) (end 0.261252 -0.71) (layer F.SilkS) (width 0.12))
    (fp_line (start 1 0.6) (end -1 0.6) (layer F.Fab) (width 0.1))
    (fp_line (start 1 -0.6) (end 1 0.6) (layer F.Fab) (width 0.1))
    (fp_line (start -1 -0.6) (end 1 -0.6) (layer F.Fab) (width 0.1))
    (fp_line (start -1 0.6) (end -1 -0.6) (layer F.Fab) (width 0.1))
    (pad 2 smd roundrect (at 1.025 0 90) (size 1.15 1.4) (layers F.Cu F.Paste F.Mask) (roundrect_rratio 0.217391)
      (net 1 GND))
    (pad 1 smd roundrect (at -1.025 0 90) (size 1.15 1.4) (layers F.Cu F.Paste F.Mask) (roundrect_rratio 0.217391)
      (net 3 "Net-(CC2-Pad1)"))
    (model ${KISYS3DMOD}/Capacitor_SMD.3dshapes/C_0805_2012Metric.wrl
      (at (xyz 0 0 0))
      (scale (xyz 1 1 1))
      (rotate (xyz 0 0 0))
    )
  )

  (module Capacitor_SMD:C_0805_2012Metric_Pad1.15x1.40mm_HandSolder (layer F.Cu) (tedit 5C751CEE) (tstamp 5C818EA1)
    (at 108.1 51.875 270)
    (descr "Capacitor SMD 0805 (2012 Metric), square (rectangular) end terminal, IPC_7351 nominal with elongated pad for handsoldering. (Body size source: https://docs.google.com/spreadsheets/d/1BsfQQcO9C6DZCsRaXUlFlo91Tg2WpOkGARC1WS5S8t0/edit?usp=sharing), generated with kicad-footprint-generator")
    (tags "capacitor handsolder")
    (path /5C75E009)
    (attr smd)
    (fp_text reference CC3 (at 0 1.1 270) (layer F.SilkS)
      (effects (font (size 0.5 0.5) (thickness 0.07)))
    )
    (fp_text value C (at 0 1.65 270) (layer F.Fab) hide
      (effects (font (size 1 1) (thickness 0.15)))
    )
    (fp_line (start -1 0.6) (end -1 -0.6) (layer F.Fab) (width 0.1))
    (fp_line (start -1 -0.6) (end 1 -0.6) (layer F.Fab) (width 0.1))
    (fp_line (start 1 -0.6) (end 1 0.6) (layer F.Fab) (width 0.1))
    (fp_line (start 1 0.6) (end -1 0.6) (layer F.Fab) (width 0.1))
    (fp_line (start -0.261252 -0.71) (end 0.261252 -0.71) (layer F.SilkS) (width 0.12))
    (fp_line (start -0.261252 0.71) (end 0.261252 0.71) (layer F.SilkS) (width 0.12))
    (fp_line (start -1.85 0.95) (end -1.85 -0.95) (layer F.CrtYd) (width 0.05))
    (fp_line (start -1.85 -0.95) (end 1.85 -0.95) (layer F.CrtYd) (width 0.05))
    (fp_line (start 1.85 -0.95) (end 1.85 0.95) (layer F.CrtYd) (width 0.05))
    (fp_line (start 1.85 0.95) (end -1.85 0.95) (layer F.CrtYd) (width 0.05))
    (fp_text user %R (at 0 0 270) (layer F.Fab) hide
      (effects (font (size 0.5 0.5) (thickness 0.08)))
    )
    (pad 1 smd roundrect (at -1.025 0 270) (size 1.15 1.4) (layers F.Cu F.Paste F.Mask) (roundrect_rratio 0.217391)
      (net 4 "Net-(CC3-Pad1)"))
    (pad 2 smd roundrect (at 1.025 0 270) (size 1.15 1.4) (layers F.Cu F.Paste F.Mask) (roundrect_rratio 0.217391)
      (net 1 GND))
    (model ${KISYS3DMOD}/Capacitor_SMD.3dshapes/C_0805_2012Metric.wrl
      (at (xyz 0 0 0))
      (scale (xyz 1 1 1))
      (rotate (xyz 0 0 0))
    )
  )

  (module Capacitor_SMD:C_0805_2012Metric_Pad1.15x1.40mm_HandSolder (layer F.Cu) (tedit 5C751949) (tstamp 5C818EB2)
    (at 111.875 48.1 90)
    (descr "Capacitor SMD 0805 (2012 Metric), square (rectangular) end terminal, IPC_7351 nominal with elongated pad for handsoldering. (Body size source: https://docs.google.com/spreadsheets/d/1BsfQQcO9C6DZCsRaXUlFlo91Tg2WpOkGARC1WS5S8t0/edit?usp=sharing), generated with kicad-footprint-generator")
    (tags "capacitor handsolder")
    (path /5C772C29)
    (attr smd)
    (fp_text reference CC4 (at 0 -1.075 90) (layer F.SilkS)
      (effects (font (size 0.5 0.5) (thickness 0.07)))
    )
    (fp_text value C (at 0 1.65 90) (layer F.Fab) hide
      (effects (font (size 1 1) (thickness 0.15)))
    )
    (fp_text user %R (at 0 0 90) (layer F.Fab) hide
      (effects (font (size 0.5 0.5) (thickness 0.08)))
    )
    (fp_line (start 1.85 0.95) (end -1.85 0.95) (layer F.CrtYd) (width 0.05))
    (fp_line (start 1.85 -0.95) (end 1.85 0.95) (layer F.CrtYd) (width 0.05))
    (fp_line (start -1.85 -0.95) (end 1.85 -0.95) (layer F.CrtYd) (width 0.05))
    (fp_line (start -1.85 0.95) (end -1.85 -0.95) (layer F.CrtYd) (width 0.05))
    (fp_line (start -0.261252 0.71) (end 0.261252 0.71) (layer F.SilkS) (width 0.12))
    (fp_line (start -0.261252 -0.71) (end 0.261252 -0.71) (layer F.SilkS) (width 0.12))
    (fp_line (start 1 0.6) (end -1 0.6) (layer F.Fab) (width 0.1))
    (fp_line (start 1 -0.6) (end 1 0.6) (layer F.Fab) (width 0.1))
    (fp_line (start -1 -0.6) (end 1 -0.6) (layer F.Fab) (width 0.1))
    (fp_line (start -1 0.6) (end -1 -0.6) (layer F.Fab) (width 0.1))
    (pad 2 smd roundrect (at 1.025 0 90) (size 1.15 1.4) (layers F.Cu F.Paste F.Mask) (roundrect_rratio 0.217391)
      (net 1 GND))
    (pad 1 smd roundrect (at -1.025 0 90) (size 1.15 1.4) (layers F.Cu F.Paste F.Mask) (roundrect_rratio 0.217391)
      (net 5 "Net-(CC4-Pad1)"))
    (model ${KISYS3DMOD}/Capacitor_SMD.3dshapes/C_0805_2012Metric.wrl
      (at (xyz 0 0 0))
      (scale (xyz 1 1 1))
      (rotate (xyz 0 0 0))
    )
  )

  (module Connector_Coaxial:SMA_Amphenol_132289_EdgeMount (layer F.Cu) (tedit 5C7518E5) (tstamp 5C81CF46)
    (at 95.725 50.85 180)
    (descr http://www.amphenolrf.com/132289.html)
    (tags SMA)
    (path /5C75DFA6)
    (attr smd)
    (fp_text reference JC-IN1 (at -3.475 3.65 270) (layer F.SilkS)
      (effects (font (size 0.5 0.5) (thickness 0.07)))
    )
    (fp_text value Conn_Coaxial (at 5 6 180) (layer F.Fab) hide
      (effects (font (size 1 1) (thickness 0.15)))
    )
    (fp_line (start -3.71 0.25) (end -3.21 0) (layer F.SilkS) (width 0.12))
    (fp_line (start -3.71 -0.25) (end -3.71 0.25) (layer F.SilkS) (width 0.12))
    (fp_line (start -3.21 0) (end -3.71 -0.25) (layer F.SilkS) (width 0.12))
    (fp_line (start 3.54 0) (end 2.54 0.75) (layer F.Fab) (width 0.1))
    (fp_line (start 2.54 -0.75) (end 3.54 0) (layer F.Fab) (width 0.1))
    (fp_text user %R (at 4.79 0 90) (layer F.Fab) hide
      (effects (font (size 1 1) (thickness 0.15)))
    )
    (fp_line (start 14.47 -5.58) (end -3.04 -5.58) (layer F.CrtYd) (width 0.05))
    (fp_line (start 14.47 -5.58) (end 14.47 5.58) (layer F.CrtYd) (width 0.05))
    (fp_line (start 14.47 5.58) (end -3.04 5.58) (layer F.CrtYd) (width 0.05))
    (fp_line (start -3.04 5.58) (end -3.04 -5.58) (layer F.CrtYd) (width 0.05))
    (fp_line (start 14.47 -5.58) (end -3.04 -5.58) (layer B.CrtYd) (width 0.05))
    (fp_line (start 14.47 -5.58) (end 14.47 5.58) (layer B.CrtYd) (width 0.05))
    (fp_line (start 14.47 5.58) (end -3.04 5.58) (layer B.CrtYd) (width 0.05))
    (fp_line (start -3.04 5.58) (end -3.04 -5.58) (layer B.CrtYd) (width 0.05))
    (fp_line (start 4.445 -3.81) (end 13.97 -3.81) (layer F.Fab) (width 0.1))
    (fp_line (start 13.97 -3.81) (end 13.97 3.81) (layer F.Fab) (width 0.1))
    (fp_line (start 13.97 3.81) (end 4.445 3.81) (layer F.Fab) (width 0.1))
    (fp_line (start 4.445 5.08) (end 4.445 3.81) (layer F.Fab) (width 0.1))
    (fp_line (start 4.445 -3.81) (end 4.445 -5.08) (layer F.Fab) (width 0.1))
    (fp_line (start -1.91 -5.08) (end 4.445 -5.08) (layer F.Fab) (width 0.1))
    (fp_line (start -1.91 -5.08) (end -1.91 -3.81) (layer F.Fab) (width 0.1))
    (fp_line (start -1.91 -3.81) (end 2.54 -3.81) (layer F.Fab) (width 0.1))
    (fp_line (start 2.54 -3.81) (end 2.54 3.81) (layer F.Fab) (width 0.1))
    (fp_line (start 2.54 3.81) (end -1.91 3.81) (layer F.Fab) (width 0.1))
    (fp_line (start -1.91 3.81) (end -1.91 5.08) (layer F.Fab) (width 0.1))
    (fp_line (start -1.91 5.08) (end 4.445 5.08) (layer F.Fab) (width 0.1))
    (pad 2 smd rect (at 0 4.25 270) (size 1.5 5.08) (layers B.Cu B.Paste B.Mask)
      (net 1 GND))
    (pad 2 smd rect (at 0 -4.25 270) (size 1.5 5.08) (layers B.Cu B.Paste B.Mask)
      (net 1 GND))
    (pad 2 smd rect (at 0 4.25 270) (size 1.5 5.08) (layers F.Cu F.Paste F.Mask)
      (net 1 GND))
    (pad 2 smd rect (at 0 -4.25 270) (size 1.5 5.08) (layers F.Cu F.Paste F.Mask)
      (net 1 GND))
    (pad 1 smd rect (at 0 0 270) (size 1.5 5.08) (layers F.Cu F.Paste F.Mask)
      (net 2 "Net-(CC1-Pad1)"))
    (model ${KISYS3DMOD}/Connector_Coaxial.3dshapes/SMA_Amphenol_132289_EdgeMount.wrl
      (at (xyz 0 0 0))
      (scale (xyz 1 1 1))
      (rotate (xyz 0 0 0))
    )
  )

  (module Connector_Coaxial:SMA_Amphenol_132289_EdgeMount (layer F.Cu) (tedit 5C751956) (tstamp 5C81FB15)
    (at 116.65 50.85)
    (descr http://www.amphenolrf.com/132289.html)
    (tags SMA)
    (path /5C75DFCA)
    (attr smd)
    (fp_text reference JC-OUT1 (at -3.35 3.75 90) (layer F.SilkS)
      (effects (font (size 0.5 0.5) (thickness 0.07)))
    )
    (fp_text value Conn_Coaxial (at 5 6) (layer F.Fab) hide
      (effects (font (size 1 1) (thickness 0.15)))
    )
    (fp_line (start -1.91 5.08) (end 4.445 5.08) (layer F.Fab) (width 0.1))
    (fp_line (start -1.91 3.81) (end -1.91 5.08) (layer F.Fab) (width 0.1))
    (fp_line (start 2.54 3.81) (end -1.91 3.81) (layer F.Fab) (width 0.1))
    (fp_line (start 2.54 -3.81) (end 2.54 3.81) (layer F.Fab) (width 0.1))
    (fp_line (start -1.91 -3.81) (end 2.54 -3.81) (layer F.Fab) (width 0.1))
    (fp_line (start -1.91 -5.08) (end -1.91 -3.81) (layer F.Fab) (width 0.1))
    (fp_line (start -1.91 -5.08) (end 4.445 -5.08) (layer F.Fab) (width 0.1))
    (fp_line (start 4.445 -3.81) (end 4.445 -5.08) (layer F.Fab) (width 0.1))
    (fp_line (start 4.445 5.08) (end 4.445 3.81) (layer F.Fab) (width 0.1))
    (fp_line (start 13.97 3.81) (end 4.445 3.81) (layer F.Fab) (width 0.1))
    (fp_line (start 13.97 -3.81) (end 13.97 3.81) (layer F.Fab) (width 0.1))
    (fp_line (start 4.445 -3.81) (end 13.97 -3.81) (layer F.Fab) (width 0.1))
    (fp_line (start -3.04 5.58) (end -3.04 -5.58) (layer B.CrtYd) (width 0.05))
    (fp_line (start 14.47 5.58) (end -3.04 5.58) (layer B.CrtYd) (width 0.05))
    (fp_line (start 14.47 -5.58) (end 14.47 5.58) (layer B.CrtYd) (width 0.05))
    (fp_line (start 14.47 -5.58) (end -3.04 -5.58) (layer B.CrtYd) (width 0.05))
    (fp_line (start -3.04 5.58) (end -3.04 -5.58) (layer F.CrtYd) (width 0.05))
    (fp_line (start 14.47 5.58) (end -3.04 5.58) (layer F.CrtYd) (width 0.05))
    (fp_line (start 14.47 -5.58) (end 14.47 5.58) (layer F.CrtYd) (width 0.05))
    (fp_line (start 14.47 -5.58) (end -3.04 -5.58) (layer F.CrtYd) (width 0.05))
    (fp_text user %R (at 4.79 0 -90) (layer F.Fab) hide
      (effects (font (size 1 1) (thickness 0.15)))
    )
    (fp_line (start 2.54 -0.75) (end 3.54 0) (layer F.Fab) (width 0.1))
    (fp_line (start 3.54 0) (end 2.54 0.75) (layer F.Fab) (width 0.1))
    (fp_line (start -3.21 0) (end -3.71 -0.25) (layer F.SilkS) (width 0.12))
    (fp_line (start -3.71 -0.25) (end -3.71 0.25) (layer F.SilkS) (width 0.12))
    (fp_line (start -3.71 0.25) (end -3.21 0) (layer F.SilkS) (width 0.12))
    (pad 1 smd rect (at 0 0 90) (size 1.5 5.08) (layers F.Cu F.Paste F.Mask)
      (net 5 "Net-(CC4-Pad1)"))
    (pad 2 smd rect (at 0 -4.25 90) (size 1.5 5.08) (layers F.Cu F.Paste F.Mask)
      (net 1 GND))
    (pad 2 smd rect (at 0 4.25 90) (size 1.5 5.08) (layers F.Cu F.Paste F.Mask)
      (net 1 GND))
    (pad 2 smd rect (at 0 -4.25 90) (size 1.5 5.08) (layers B.Cu B.Paste B.Mask)
      (net 1 GND))
    (pad 2 smd rect (at 0 4.25 90) (size 1.5 5.08) (layers B.Cu B.Paste B.Mask)
      (net 1 GND))
    (model ${KISYS3DMOD}/Connector_Coaxial.3dshapes/SMA_Amphenol_132289_EdgeMount.wrl
      (at (xyz 0 0 0))
      (scale (xyz 1 1 1))
      (rotate (xyz 0 0 0))
    )
  )

  (module Inductor_SMD:L_0805_2012Metric_Pad1.15x1.40mm_HandSolder (layer F.Cu) (tedit 5C751CD6) (tstamp 5C818FB5)
    (at 103.3 50.85)
    (descr "Capacitor SMD 0805 (2012 Metric), square (rectangular) end terminal, IPC_7351 nominal with elongated pad for handsoldering. (Body size source: https://docs.google.com/spreadsheets/d/1BsfQQcO9C6DZCsRaXUlFlo91Tg2WpOkGARC1WS5S8t0/edit?usp=sharing), generated with kicad-footprint-generator")
    (tags "inductor handsolder")
    (path /5C75DFBE)
    (attr smd)
    (fp_text reference LC1 (at 0 1.15) (layer F.SilkS)
      (effects (font (size 0.5 0.5) (thickness 0.07)))
    )
    (fp_text value L (at 0 1.65) (layer F.Fab) hide
      (effects (font (size 1 1) (thickness 0.15)))
    )
    (fp_line (start -1 0.6) (end -1 -0.6) (layer F.Fab) (width 0.1))
    (fp_line (start -1 -0.6) (end 1 -0.6) (layer F.Fab) (width 0.1))
    (fp_line (start 1 -0.6) (end 1 0.6) (layer F.Fab) (width 0.1))
    (fp_line (start 1 0.6) (end -1 0.6) (layer F.Fab) (width 0.1))
    (fp_line (start -0.261252 -0.71) (end 0.261252 -0.71) (layer F.SilkS) (width 0.12))
    (fp_line (start -0.261252 0.71) (end 0.261252 0.71) (layer F.SilkS) (width 0.12))
    (fp_line (start -1.85 0.95) (end -1.85 -0.95) (layer F.CrtYd) (width 0.05))
    (fp_line (start -1.85 -0.95) (end 1.85 -0.95) (layer F.CrtYd) (width 0.05))
    (fp_line (start 1.85 -0.95) (end 1.85 0.95) (layer F.CrtYd) (width 0.05))
    (fp_line (start 1.85 0.95) (end -1.85 0.95) (layer F.CrtYd) (width 0.05))
    (fp_text user %R (at 0 0) (layer F.Fab) hide
      (effects (font (size 0.5 0.5) (thickness 0.08)))
    )
    (pad 1 smd roundrect (at -1.025 0) (size 1.15 1.4) (layers F.Cu F.Paste F.Mask) (roundrect_rratio 0.217391)
      (net 2 "Net-(CC1-Pad1)"))
    (pad 2 smd roundrect (at 1.025 0) (size 1.15 1.4) (layers F.Cu F.Paste F.Mask) (roundrect_rratio 0.217391)
      (net 3 "Net-(CC2-Pad1)"))
    (model ${KISYS3DMOD}/Inductor_SMD.3dshapes/L_0805_2012Metric.wrl
      (at (xyz 0 0 0))
      (scale (xyz 1 1 1))
      (rotate (xyz 0 0 0))
    )
  )

  (module Inductor_SMD:L_0805_2012Metric_Pad1.15x1.40mm_HandSolder (layer F.Cu) (tedit 5C751938) (tstamp 5C818FC6)
    (at 107.075 49.125)
    (descr "Capacitor SMD 0805 (2012 Metric), square (rectangular) end terminal, IPC_7351 nominal with elongated pad for handsoldering. (Body size source: https://docs.google.com/spreadsheets/d/1BsfQQcO9C6DZCsRaXUlFlo91Tg2WpOkGARC1WS5S8t0/edit?usp=sharing), generated with kicad-footprint-generator")
    (tags "inductor handsolder")
    (path /5C75E00F)
    (attr smd)
    (fp_text reference LC2 (at 0 -1.1) (layer F.SilkS)
      (effects (font (size 0.5 0.5) (thickness 0.07)))
    )
    (fp_text value L (at 0 1.65) (layer F.Fab) hide
      (effects (font (size 1 1) (thickness 0.15)))
    )
    (fp_text user %R (at 0 0) (layer F.Fab) hide
      (effects (font (size 0.5 0.5) (thickness 0.08)))
    )
    (fp_line (start 1.85 0.95) (end -1.85 0.95) (layer F.CrtYd) (width 0.05))
    (fp_line (start 1.85 -0.95) (end 1.85 0.95) (layer F.CrtYd) (width 0.05))
    (fp_line (start -1.85 -0.95) (end 1.85 -0.95) (layer F.CrtYd) (width 0.05))
    (fp_line (start -1.85 0.95) (end -1.85 -0.95) (layer F.CrtYd) (width 0.05))
    (fp_line (start -0.261252 0.71) (end 0.261252 0.71) (layer F.SilkS) (width 0.12))
    (fp_line (start -0.261252 -0.71) (end 0.261252 -0.71) (layer F.SilkS) (width 0.12))
    (fp_line (start 1 0.6) (end -1 0.6) (layer F.Fab) (width 0.1))
    (fp_line (start 1 -0.6) (end 1 0.6) (layer F.Fab) (width 0.1))
    (fp_line (start -1 -0.6) (end 1 -0.6) (layer F.Fab) (width 0.1))
    (fp_line (start -1 0.6) (end -1 -0.6) (layer F.Fab) (width 0.1))
    (pad 2 smd roundrect (at 1.025 0) (size 1.15 1.4) (layers F.Cu F.Paste F.Mask) (roundrect_rratio 0.217391)
      (net 4 "Net-(CC3-Pad1)"))
    (pad 1 smd roundrect (at -1.025 0) (size 1.15 1.4) (layers F.Cu F.Paste F.Mask) (roundrect_rratio 0.217391)
      (net 3 "Net-(CC2-Pad1)"))
    (model ${KISYS3DMOD}/Inductor_SMD.3dshapes/L_0805_2012Metric.wrl
      (at (xyz 0 0 0))
      (scale (xyz 1 1 1))
      (rotate (xyz 0 0 0))
    )
  )

  (module Inductor_SMD:L_0805_2012Metric_Pad1.15x1.40mm_HandSolder (layer F.Cu) (tedit 5C751CDB) (tstamp 5C818FD7)
    (at 110.85 50.85)
    (descr "Capacitor SMD 0805 (2012 Metric), square (rectangular) end terminal, IPC_7351 nominal with elongated pad for handsoldering. (Body size source: https://docs.google.com/spreadsheets/d/1BsfQQcO9C6DZCsRaXUlFlo91Tg2WpOkGARC1WS5S8t0/edit?usp=sharing), generated with kicad-footprint-generator")
    (tags "inductor handsolder")
    (path /5C75E01C)
    (attr smd)
    (fp_text reference LC3 (at 0 1.15) (layer F.SilkS)
      (effects (font (size 0.5 0.5) (thickness 0.07)))
    )
    (fp_text value L (at 0 1.65) (layer F.Fab) hide
      (effects (font (size 1 1) (thickness 0.15)))
    )
    (fp_line (start -1 0.6) (end -1 -0.6) (layer F.Fab) (width 0.1))
    (fp_line (start -1 -0.6) (end 1 -0.6) (layer F.Fab) (width 0.1))
    (fp_line (start 1 -0.6) (end 1 0.6) (layer F.Fab) (width 0.1))
    (fp_line (start 1 0.6) (end -1 0.6) (layer F.Fab) (width 0.1))
    (fp_line (start -0.261252 -0.71) (end 0.261252 -0.71) (layer F.SilkS) (width 0.12))
    (fp_line (start -0.261252 0.71) (end 0.261252 0.71) (layer F.SilkS) (width 0.12))
    (fp_line (start -1.85 0.95) (end -1.85 -0.95) (layer F.CrtYd) (width 0.05))
    (fp_line (start -1.85 -0.95) (end 1.85 -0.95) (layer F.CrtYd) (width 0.05))
    (fp_line (start 1.85 -0.95) (end 1.85 0.95) (layer F.CrtYd) (width 0.05))
    (fp_line (start 1.85 0.95) (end -1.85 0.95) (layer F.CrtYd) (width 0.05))
    (fp_text user %R (at 0 0) (layer F.Fab) hide
      (effects (font (size 0.5 0.5) (thickness 0.08)))
    )
    (pad 1 smd roundrect (at -1.025 0) (size 1.15 1.4) (layers F.Cu F.Paste F.Mask) (roundrect_rratio 0.217391)
      (net 4 "Net-(CC3-Pad1)"))
    (pad 2 smd roundrect (at 1.025 0) (size 1.15 1.4) (layers F.Cu F.Paste F.Mask) (roundrect_rratio 0.217391)
      (net 5 "Net-(CC4-Pad1)"))
    (model ${KISYS3DMOD}/Inductor_SMD.3dshapes/L_0805_2012Metric.wrl
      (at (xyz 0 0 0))
      (scale (xyz 1 1 1))
      (rotate (xyz 0 0 0))
    )
  )

  (gr_line (start 93.1 57) (end 119.3 57) (layer Edge.Cuts) (width 0.15) (tstamp 5C756180))
  (gr_line (start 93.1 44.7) (end 119.3 44.7) (layer Edge.Cuts) (width 0.15) (tstamp 5C81E4E6))
  (gr_line (start 93.1 44.7) (end 93.1 57) (layer Edge.Cuts) (width 0.15) (tstamp 5C81E4E2))
  (gr_line (start 119.3 57) (end 119.3 44.7) (layer Edge.Cuts) (width 0.15) (tstamp 5C81DD20))

  (via (at 96.4 48.9) (size 0.8) (drill 0.4) (layers F.Cu B.Cu) (net 1) (tstamp 5C81E0EA))
  (via (at 95 48.9) (size 0.8) (drill 0.4) (layers F.Cu B.Cu) (net 1) (tstamp 5C81E0EB))
  (via (at 95 52.8) (size 0.8) (drill 0.4) (layers F.Cu B.Cu) (net 1) (tstamp 5C81E0F4))
  (via (at 96.4 52.8) (size 0.8) (drill 0.4) (layers F.Cu B.Cu) (net 1) (tstamp 5C81E0F5))
  (via (at 115.95 48.9) (size 0.8) (drill 0.4) (layers F.Cu B.Cu) (net 1) (tstamp 5C81FAF1))
  (via (at 117.35 48.9) (size 0.8) (drill 0.4) (layers F.Cu B.Cu) (net 1) (tstamp 5C81FAEE))
  (via (at 115.95 52.8) (size 0.8) (drill 0.4) (layers F.Cu B.Cu) (net 1) (tstamp 5C81FAE8))
  (via (at 117.35 52.8) (size 0.8) (drill 0.4) (layers F.Cu B.Cu) (net 1) (tstamp 5C81FAEB))
  (via (at 98.4 52.9) (size 0.8) (drill 0.4) (layers F.Cu B.Cu) (net 1) (tstamp 5C81E143))
  (via (at 102.4 47) (size 0.8) (drill 0.4) (layers F.Cu B.Cu) (net 1) (tstamp 5C81E131))
  (via (at 102.6 52.9) (size 0.8) (drill 0.4) (layers F.Cu B.Cu) (net 1) (tstamp 5C81FD3D))
  (via (at 106.2 52.9) (size 0.8) (drill 0.4) (layers F.Cu B.Cu) (net 1) (tstamp 5C81FD3F))
  (via (at 110 52.9) (size 0.8) (drill 0.4) (layers F.Cu B.Cu) (net 1) (tstamp 5C81FD41))
  (via (at 106.2 47) (size 0.8) (drill 0.4) (layers F.Cu B.Cu) (net 1) (tstamp 5C81FD43))
  (via (at 110 47) (size 0.8) (drill 0.4) (layers F.Cu B.Cu) (net 1) (tstamp 5C81FD45))
  (via (at 101.2 54.6) (size 0.8) (drill 0.4) (layers F.Cu B.Cu) (net 1) (tstamp 5C81FD91))
  (via (at 99.8 54.6) (size 0.8) (drill 0.4) (layers F.Cu B.Cu) (net 1) (tstamp 5C81FD92))
  (via (at 99.2 49.4) (size 0.8) (drill 0.4) (layers F.Cu B.Cu) (net 1) (tstamp 5C81FDC4))
  (via (at 102.4 49.2) (size 0.8) (drill 0.4) (layers F.Cu B.Cu) (net 1) (tstamp 5C81FDC6))
  (via (at 108.8 54.6) (size 0.8) (drill 0.4) (layers F.Cu B.Cu) (net 1) (tstamp 5C81FDD1))
  (via (at 107.4 54.6) (size 0.8) (drill 0.4) (layers F.Cu B.Cu) (net 1) (tstamp 5C81FDD2))
  (via (at 113.4 49.6) (size 0.8) (drill 0.4) (layers F.Cu B.Cu) (net 1) (tstamp 5C81FDDA))
  (via (at 113.4 52.2) (size 0.8) (drill 0.4) (layers F.Cu B.Cu) (net 1) (tstamp 5C81FDDC))
  (via (at 112.9 55.1) (size 0.8) (drill 0.4) (layers F.Cu B.Cu) (net 1) (tstamp 5C81FDDE))
  (via (at 110 49) (size 0.8) (drill 0.4) (layers F.Cu B.Cu) (net 1) (tstamp 5C81FFE2))
  (via (at 106.2 50.9) (size 0.8) (drill 0.4) (layers F.Cu B.Cu) (net 1) (tstamp 5C81FFE4))
  (via (at 104.4 54.7) (size 0.8) (drill 0.4) (layers F.Cu B.Cu) (net 1) (tstamp 5C75612E))
  (via (at 99.6 46.6) (size 0.8) (drill 0.4) (layers F.Cu B.Cu) (net 1) (tstamp 5C756154))
  (segment (start 95.725 50.85) (end 102.275 50.85) (width 0.32) (layer F.Cu) (net 2))
  (segment (start 104.325 50.85) (end 104.325 49.125) (width 0.32) (layer F.Cu) (net 3))
  (segment (start 106.05 49.125) (end 104.325 49.125) (width 0.32) (layer F.Cu) (net 3))
  (segment (start 108.1 49.125) (end 108.1 50.85) (width 0.32) (layer F.Cu) (net 4))
  (segment (start 109.825 50.85) (end 108.1 50.85) (width 0.32) (layer F.Cu) (net 4))
  (segment (start 111.875 49.125) (end 111.875 50.85) (width 0.32) (layer F.Cu) (net 5))
  (segment (start 116.65 50.85) (end 111.875 50.85) (width 0.32) (layer F.Cu) (net 5))

  (zone (net 1) (net_name GND) (layer F.Cu) (tstamp 5C81DD2A) (hatch edge 0.508)
    (connect_pads (clearance 0.2))
    (min_thickness 0.15)
    (fill yes (arc_segments 16) (thermal_gap 0.508) (thermal_bridge_width 0.508))
    (polygon
      (pts
        (xy 93.1 44.7) (xy 93.1 57) (xy 119.3 57) (xy 119.3 44.7)
      )
    )
    (filled_polygon
      (pts
        (xy 118.950001 45.267) (xy 116.97475 45.267) (xy 116.829 45.41275) (xy 116.829 46.421) (xy 116.849 46.421)
        (xy 116.849 46.779) (xy 116.829 46.779) (xy 116.829 47.78725) (xy 116.97475 47.933) (xy 118.950001 47.933)
        (xy 118.950001 49.819613) (xy 114.11 49.819613) (xy 114.002701 49.840956) (xy 113.911736 49.901736) (xy 113.850956 49.992701)
        (xy 113.829613 50.1) (xy 113.829613 50.415) (xy 112.730387 50.415) (xy 112.730387 50.399999) (xy 112.690014 50.197029)
        (xy 112.575041 50.024959) (xy 112.466277 49.952286) (xy 112.527971 49.940014) (xy 112.700041 49.825041) (xy 112.815014 49.652971)
        (xy 112.855387 49.450001) (xy 112.855387 48.799999) (xy 112.815014 48.597029) (xy 112.700041 48.424959) (xy 112.527971 48.309986)
        (xy 112.325001 48.269613) (xy 111.424999 48.269613) (xy 111.222029 48.309986) (xy 111.049959 48.424959) (xy 110.934986 48.597029)
        (xy 110.894613 48.799999) (xy 110.894613 49.450001) (xy 110.934986 49.652971) (xy 111.049959 49.825041) (xy 111.222029 49.940014)
        (xy 111.283723 49.952286) (xy 111.174959 50.024959) (xy 111.059986 50.197029) (xy 111.019613 50.399999) (xy 111.019613 51.300001)
        (xy 111.059986 51.502971) (xy 111.174959 51.675041) (xy 111.347029 51.790014) (xy 111.549999 51.830387) (xy 112.200001 51.830387)
        (xy 112.402971 51.790014) (xy 112.575041 51.675041) (xy 112.690014 51.502971) (xy 112.730387 51.300001) (xy 112.730387 51.285)
        (xy 113.829613 51.285) (xy 113.829613 51.6) (xy 113.850956 51.707299) (xy 113.911736 51.798264) (xy 114.002701 51.859044)
        (xy 114.11 51.880387) (xy 118.95 51.880387) (xy 118.95 53.767) (xy 116.97475 53.767) (xy 116.829 53.91275)
        (xy 116.829 54.921) (xy 116.849 54.921) (xy 116.849 55.279) (xy 116.829 55.279) (xy 116.829 56.28725)
        (xy 116.97475 56.433) (xy 118.95 56.433) (xy 118.95 56.65) (xy 93.45 56.65) (xy 93.45 56.433)
        (xy 95.40025 56.433) (xy 95.546 56.28725) (xy 95.546 55.279) (xy 95.904 55.279) (xy 95.904 56.28725)
        (xy 96.04975 56.433) (xy 98.380966 56.433) (xy 98.595243 56.344244) (xy 98.759244 56.180243) (xy 98.848 55.965966)
        (xy 98.848 55.42475) (xy 113.527 55.42475) (xy 113.527 55.965966) (xy 113.615756 56.180243) (xy 113.779757 56.344244)
        (xy 113.994034 56.433) (xy 116.32525 56.433) (xy 116.471 56.28725) (xy 116.471 55.279) (xy 113.67275 55.279)
        (xy 113.527 55.42475) (xy 98.848 55.42475) (xy 98.70225 55.279) (xy 95.904 55.279) (xy 95.546 55.279)
        (xy 95.526 55.279) (xy 95.526 54.921) (xy 95.546 54.921) (xy 95.546 53.91275) (xy 95.904 53.91275)
        (xy 95.904 54.921) (xy 98.70225 54.921) (xy 98.848 54.77525) (xy 98.848 54.234034) (xy 113.527 54.234034)
        (xy 113.527 54.77525) (xy 113.67275 54.921) (xy 116.471 54.921) (xy 116.471 53.91275) (xy 116.32525 53.767)
        (xy 113.994034 53.767) (xy 113.779757 53.855756) (xy 113.615756 54.019757) (xy 113.527 54.234034) (xy 98.848 54.234034)
        (xy 98.759244 54.019757) (xy 98.595243 53.855756) (xy 98.380966 53.767) (xy 96.04975 53.767) (xy 95.904 53.91275)
        (xy 95.546 53.91275) (xy 95.40025 53.767) (xy 93.45 53.767) (xy 93.45 53.22475) (xy 99.267 53.22475)
        (xy 99.267 53.590966) (xy 99.355756 53.805243) (xy 99.519757 53.969244) (xy 99.734034 54.058) (xy 100.22525 54.058)
        (xy 100.371 53.91225) (xy 100.371 53.079) (xy 100.729 53.079) (xy 100.729 53.91225) (xy 100.87475 54.058)
        (xy 101.365966 54.058) (xy 101.580243 53.969244) (xy 101.744244 53.805243) (xy 101.833 53.590966) (xy 101.833 53.22475)
        (xy 106.817 53.22475) (xy 106.817 53.590966) (xy 106.905756 53.805243) (xy 107.069757 53.969244) (xy 107.284034 54.058)
        (xy 107.77525 54.058) (xy 107.921 53.91225) (xy 107.921 53.079) (xy 108.279 53.079) (xy 108.279 53.91225)
        (xy 108.42475 54.058) (xy 108.915966 54.058) (xy 109.130243 53.969244) (xy 109.294244 53.805243) (xy 109.383 53.590966)
        (xy 109.383 53.22475) (xy 109.23725 53.079) (xy 108.279 53.079) (xy 107.921 53.079) (xy 106.96275 53.079)
        (xy 106.817 53.22475) (xy 101.833 53.22475) (xy 101.68725 53.079) (xy 100.729 53.079) (xy 100.371 53.079)
        (xy 99.41275 53.079) (xy 99.267 53.22475) (xy 93.45 53.22475) (xy 93.45 52.209034) (xy 99.267 52.209034)
        (xy 99.267 52.57525) (xy 99.41275 52.721) (xy 100.371 52.721) (xy 100.371 51.88775) (xy 100.729 51.88775)
        (xy 100.729 52.721) (xy 101.68725 52.721) (xy 101.833 52.57525) (xy 101.833 52.209034) (xy 106.817 52.209034)
        (xy 106.817 52.57525) (xy 106.96275 52.721) (xy 107.921 52.721) (xy 107.921 51.88775) (xy 108.279 51.88775)
        (xy 108.279 52.721) (xy 109.23725 52.721) (xy 109.383 52.57525) (xy 109.383 52.209034) (xy 109.294244 51.994757)
        (xy 109.130243 51.830756) (xy 108.915966 51.742) (xy 108.42475 51.742) (xy 108.279 51.88775) (xy 107.921 51.88775)
        (xy 107.77525 51.742) (xy 107.284034 51.742) (xy 107.069757 51.830756) (xy 106.905756 51.994757) (xy 106.817 52.209034)
        (xy 101.833 52.209034) (xy 101.744244 51.994757) (xy 101.580243 51.830756) (xy 101.365966 51.742) (xy 100.87475 51.742)
        (xy 100.729 51.88775) (xy 100.371 51.88775) (xy 100.22525 51.742) (xy 99.734034 51.742) (xy 99.519757 51.830756)
        (xy 99.355756 51.994757) (xy 99.267 52.209034) (xy 93.45 52.209034) (xy 93.45 51.880387) (xy 98.265 51.880387)
        (xy 98.372299 51.859044) (xy 98.463264 51.798264) (xy 98.524044 51.707299) (xy 98.545387 51.6) (xy 98.545387 51.285)
        (xy 99.591493 51.285) (xy 99.609986 51.377971) (xy 99.724959 51.550041) (xy 99.897029 51.665014) (xy 100.099999 51.705387)
        (xy 101.000001 51.705387) (xy 101.202971 51.665014) (xy 101.375041 51.550041) (xy 101.447714 51.441277) (xy 101.459986 51.502971)
        (xy 101.574959 51.675041) (xy 101.747029 51.790014) (xy 101.949999 51.830387) (xy 102.600001 51.830387) (xy 102.802971 51.790014)
        (xy 102.975041 51.675041) (xy 103.090014 51.502971) (xy 103.130387 51.300001) (xy 103.130387 50.399999) (xy 103.090014 50.197029)
        (xy 102.975041 50.024959) (xy 102.802971 49.909986) (xy 102.600001 49.869613) (xy 101.949999 49.869613) (xy 101.747029 49.909986)
        (xy 101.574959 50.024959) (xy 101.459986 50.197029) (xy 101.447714 50.258723) (xy 101.375041 50.149959) (xy 101.202971 50.034986)
        (xy 101.000001 49.994613) (xy 100.099999 49.994613) (xy 99.897029 50.034986) (xy 99.724959 50.149959) (xy 99.609986 50.322029)
        (xy 99.591493 50.415) (xy 98.545387 50.415) (xy 98.545387 50.1) (xy 98.524044 49.992701) (xy 98.463264 49.901736)
        (xy 98.372299 49.840956) (xy 98.265 49.819613) (xy 93.45 49.819613) (xy 93.45 48.799999) (xy 103.344613 48.799999)
        (xy 103.344613 49.450001) (xy 103.384986 49.652971) (xy 103.499959 49.825041) (xy 103.672029 49.940014) (xy 103.733723 49.952286)
        (xy 103.624959 50.024959) (xy 103.509986 50.197029) (xy 103.469613 50.399999) (xy 103.469613 51.300001) (xy 103.509986 51.502971)
        (xy 103.624959 51.675041) (xy 103.797029 51.790014) (xy 103.999999 51.830387) (xy 104.650001 51.830387) (xy 104.852971 51.790014)
        (xy 105.025041 51.675041) (xy 105.140014 51.502971) (xy 105.180387 51.300001) (xy 105.180387 50.524999) (xy 107.119613 50.524999)
        (xy 107.119613 51.175001) (xy 107.159986 51.377971) (xy 107.274959 51.550041) (xy 107.447029 51.665014) (xy 107.649999 51.705387)
        (xy 108.550001 51.705387) (xy 108.752971 51.665014) (xy 108.925041 51.550041) (xy 108.997714 51.441277) (xy 109.009986 51.502971)
        (xy 109.124959 51.675041) (xy 109.297029 51.790014) (xy 109.499999 51.830387) (xy 110.150001 51.830387) (xy 110.352971 51.790014)
        (xy 110.525041 51.675041) (xy 110.640014 51.502971) (xy 110.680387 51.300001) (xy 110.680387 50.399999) (xy 110.640014 50.197029)
        (xy 110.525041 50.024959) (xy 110.352971 49.909986) (xy 110.150001 49.869613) (xy 109.499999 49.869613) (xy 109.297029 49.909986)
        (xy 109.124959 50.024959) (xy 109.009986 50.197029) (xy 108.997714 50.258723) (xy 108.925041 50.149959) (xy 108.752971 50.034986)
        (xy 108.691277 50.022714) (xy 108.800041 49.950041) (xy 108.915014 49.777971) (xy 108.955387 49.575001) (xy 108.955387 48.674999)
        (xy 108.915014 48.472029) (xy 108.800041 48.299959) (xy 108.627971 48.184986) (xy 108.425001 48.144613) (xy 107.774999 48.144613)
        (xy 107.572029 48.184986) (xy 107.399959 48.299959) (xy 107.284986 48.472029) (xy 107.244613 48.674999) (xy 107.244613 49.575001)
        (xy 107.284986 49.777971) (xy 107.399959 49.950041) (xy 107.508723 50.022714) (xy 107.447029 50.034986) (xy 107.274959 50.149959)
        (xy 107.159986 50.322029) (xy 107.119613 50.524999) (xy 105.180387 50.524999) (xy 105.180387 50.399999) (xy 105.140014 50.197029)
        (xy 105.025041 50.024959) (xy 104.916277 49.952286) (xy 104.977971 49.940014) (xy 105.150041 49.825041) (xy 105.222714 49.716277)
        (xy 105.234986 49.777971) (xy 105.349959 49.950041) (xy 105.522029 50.065014) (xy 105.724999 50.105387) (xy 106.375001 50.105387)
        (xy 106.577971 50.065014) (xy 106.750041 49.950041) (xy 106.865014 49.777971) (xy 106.905387 49.575001) (xy 106.905387 48.674999)
        (xy 106.865014 48.472029) (xy 106.750041 48.299959) (xy 106.577971 48.184986) (xy 106.375001 48.144613) (xy 105.724999 48.144613)
        (xy 105.522029 48.184986) (xy 105.349959 48.299959) (xy 105.234986 48.472029) (xy 105.222714 48.533723) (xy 105.150041 48.424959)
        (xy 104.977971 48.309986) (xy 104.775001 48.269613) (xy 103.874999 48.269613) (xy 103.672029 48.309986) (xy 103.499959 48.424959)
        (xy 103.384986 48.597029) (xy 103.344613 48.799999) (xy 93.45 48.799999) (xy 93.45 47.933) (xy 95.40025 47.933)
        (xy 95.546 47.78725) (xy 95.546 46.779) (xy 95.904 46.779) (xy 95.904 47.78725) (xy 96.04975 47.933)
        (xy 98.380966 47.933) (xy 98.595243 47.844244) (xy 98.759244 47.680243) (xy 98.848 47.465966) (xy 98.848 47.39975)
        (xy 103.042 47.39975) (xy 103.042 47.765966) (xy 103.130756 47.980243) (xy 103.294757 48.144244) (xy 103.509034 48.233)
        (xy 104.00025 48.233) (xy 104.146 48.08725) (xy 104.146 47.254) (xy 104.504 47.254) (xy 104.504 48.08725)
        (xy 104.64975 48.233) (xy 105.140966 48.233) (xy 105.355243 48.144244) (xy 105.519244 47.980243) (xy 105.608 47.765966)
        (xy 105.608 47.39975) (xy 110.592 47.39975) (xy 110.592 47.765966) (xy 110.680756 47.980243) (xy 110.844757 48.144244)
        (xy 111.059034 48.233) (xy 111.55025 48.233) (xy 111.696 48.08725) (xy 111.696 47.254) (xy 112.054 47.254)
        (xy 112.054 48.08725) (xy 112.19975 48.233) (xy 112.690966 48.233) (xy 112.905243 48.144244) (xy 113.069244 47.980243)
        (xy 113.158 47.765966) (xy 113.158 47.39975) (xy 113.01225 47.254) (xy 112.054 47.254) (xy 111.696 47.254)
        (xy 110.73775 47.254) (xy 110.592 47.39975) (xy 105.608 47.39975) (xy 105.46225 47.254) (xy 104.504 47.254)
        (xy 104.146 47.254) (xy 103.18775 47.254) (xy 103.042 47.39975) (xy 98.848 47.39975) (xy 98.848 46.92475)
        (xy 113.527 46.92475) (xy 113.527 47.465966) (xy 113.615756 47.680243) (xy 113.779757 47.844244) (xy 113.994034 47.933)
        (xy 116.32525 47.933) (xy 116.471 47.78725) (xy 116.471 46.779) (xy 113.67275 46.779) (xy 113.527 46.92475)
        (xy 98.848 46.92475) (xy 98.70225 46.779) (xy 95.904 46.779) (xy 95.546 46.779) (xy 95.526 46.779)
        (xy 95.526 46.421) (xy 95.546 46.421) (xy 95.546 45.41275) (xy 95.904 45.41275) (xy 95.904 46.421)
        (xy 98.70225 46.421) (xy 98.739216 46.384034) (xy 103.042 46.384034) (xy 103.042 46.75025) (xy 103.18775 46.896)
        (xy 104.146 46.896) (xy 104.146 46.06275) (xy 104.504 46.06275) (xy 104.504 46.896) (xy 105.46225 46.896)
        (xy 105.608 46.75025) (xy 105.608 46.384034) (xy 110.592 46.384034) (xy 110.592 46.75025) (xy 110.73775 46.896)
        (xy 111.696 46.896) (xy 111.696 46.06275) (xy 112.054 46.06275) (xy 112.054 46.896) (xy 113.01225 46.896)
        (xy 113.158 46.75025) (xy 113.158 46.384034) (xy 113.069244 46.169757) (xy 112.905243 46.005756) (xy 112.690966 45.917)
        (xy 112.19975 45.917) (xy 112.054 46.06275) (xy 111.696 46.06275) (xy 111.55025 45.917) (xy 111.059034 45.917)
        (xy 110.844757 46.005756) (xy 110.680756 46.169757) (xy 110.592 46.384034) (xy 105.608 46.384034) (xy 105.519244 46.169757)
        (xy 105.355243 46.005756) (xy 105.140966 45.917) (xy 104.64975 45.917) (xy 104.504 46.06275) (xy 104.146 46.06275)
        (xy 104.00025 45.917) (xy 103.509034 45.917) (xy 103.294757 46.005756) (xy 103.130756 46.169757) (xy 103.042 46.384034)
        (xy 98.739216 46.384034) (xy 98.848 46.27525) (xy 98.848 45.734034) (xy 113.527 45.734034) (xy 113.527 46.27525)
