(kicad_pcb (version 20171130) (host pcbnew "(5.0.2-5)-5")

  (general
    (thickness 1.6)
    (drawings 5)
    (tracks 50)
    (zones 0)
    (modules 14)
    (nets 5)
  )

  (page A4)
  (layers
    (0 F.Cu signal)
    (31 B.Cu signal)
    (32 B.Adhes user)
    (33 F.Adhes user)
    (34 B.Paste user)
    (35 F.Paste user)
    (36 B.SilkS user)
    (37 F.SilkS user)
    (38 B.Mask user)
    (39 F.Mask user)
    (40 Dwgs.User user)
    (41 Cmts.User user)
    (42 Eco1.User user)
    (43 Eco2.User user)
    (44 Edge.Cuts user)
    (45 Margin user)
    (46 B.CrtYd user)
    (47 F.CrtYd user)
    (48 B.Fab user)
    (49 F.Fab user)
  )

  (setup
    (last_trace_width 0.32)
    (trace_clearance 0.2)
    (zone_clearance 0.25)
    (zone_45_only no)
    (trace_min 0.2)
    (segment_width 0.2)
    (edge_width 0.15)
    (via_size 0.8)
    (via_drill 0.4)
    (via_min_size 0.4)
    (via_min_drill 0.3)
    (uvia_size 0.3)
    (uvia_drill 0.1)
    (uvias_allowed no)
    (uvia_min_size 0.2)
    (uvia_min_drill 0.1)
    (pcb_text_width 0.3)
    (pcb_text_size 1.5 1.5)
    (mod_edge_width 0.15)
    (mod_text_size 1 1)
    (mod_text_width 0.15)
    (pad_size 1.7 1.7)
    (pad_drill 1)
    (pad_to_mask_clearance 0.051)
    (solder_mask_min_width 0.25)
    (aux_axis_origin 0 0)
    (visible_elements FFFFFF7F)
    (pcbplotparams
      (layerselection 0x010fc_ffffffff)
      (usegerberextensions false)
      (usegerberattributes false)
      (usegerberadvancedattributes false)
      (creategerberjobfile false)
      (excludeedgelayer true)
      (linewidth 0.050000)
      (plotframeref false)
      (viasonmask false)
      (mode 1)
      (useauxorigin false)
      (hpglpennumber 1)
      (hpglpenspeed 20)
      (hpglpendiameter 15.000000)
      (psnegative false)
      (psa4output false)
      (plotreference true)
      (plotvalue false)
      (plotinvisibletext false)
      (padsonsilk false)
      (subtractmaskfromsilk false)
      (outputformat 1)
      (mirror false)
      (drillshape 0)
      (scaleselection 1)
      (outputdirectory "plots/"))
  )

  (net 0 "")
  (net 1 0)
  (net 2 "Net-(C1-Pad1)")
  (net 3 "Net-(C2-Pad1)")
  (net 4 VOUT)

  (net_class Default "This is the default net class."
    (clearance 0.2)
    (trace_width 0.32)
    (via_dia 0.8)
    (via_drill 0.4)
    (uvia_dia 0.3)
    (uvia_drill 0.1)
    (add_net 0)
    (add_net "Net-(C1-Pad1)")
    (add_net "Net-(C2-Pad1)")
    (add_net VOUT)
  )

  (module Connector_Coaxial:SMA_Jack_Horizontal (layer F.Cu) (tedit 5D9B3796) (tstamp 5D9BE841)
    (at 151.05 91.25 180)
    (path /5D90C4C0)
    (fp_text reference IN (at 3.55 -4.15 180) (layer F.SilkS) hide
      (effects (font (size 1 1) (thickness 0.15)))
    )
    (fp_text value 3.3 (at 3.55 4.15 180) (layer F.Fab) hide
      (effects (font (size 1 1) (thickness 0.15)))
    )
    (fp_line (start 2.65 -3) (end 2.65 3) (layer F.Fab) (width 0.1))
    (fp_line (start 2.65 3) (end 3.65 3) (layer F.Fab) (width 0.1))
    (fp_line (start 3.65 3.165) (end 3.65 -3.165) (layer F.Fab) (width 0.1))
    (fp_line (start 3.65 -3) (end 2.65 -3) (layer F.Fab) (width 0.1))
    (fp_line (start 2.65 3) (end -2.35 3) (layer F.Fab) (width 0.1))
    (fp_line (start -2.35 3) (end -2.35 -3) (layer F.Fab) (width 0.1))
    (fp_line (start -2.35 -3) (end 2.65 -3) (layer F.Fab) (width 0.1))
    (fp_line (start -2.75 0) (end -3.35 0.5) (layer F.SilkS) (width 0.1))
    (fp_line (start -3.35 0.5) (end -3.35 -0.5) (layer F.SilkS) (width 0.1))
    (fp_line (start -3.35 -0.5) (end -2.75 0) (layer F.SilkS) (width 0.1))
    (fp_line (start 2.75 0) (end 3.35 0.5) (layer F.Fab) (width 0.1))
    (fp_line (start 3.35 0.5) (end 3.35 -0.5) (layer F.Fab) (width 0.1))
    (fp_line (start 3.35 -0.5) (end 2.75 0) (layer F.Fab) (width 0.1))
    (fp_line (start 9.9 3.165) (end 9.9 -3.165) (layer F.Fab) (width 0.1))
    (fp_line (start 9.9 3.165) (end 3.65 3.165) (layer F.Fab) (width 0.1))
    (fp_line (start 3.65 -3.165) (end 9.85 -3.165) (layer F.Fab) (width 0.1))
    (fp_line (start -3.6 -3.42) (end -3.6 3.42) (layer F.CrtYd) (width 0.1))
    (fp_line (start -3.6 3.42) (end 10.25 3.42) (layer F.CrtYd) (width 0.1))
    (fp_line (start 10.25 3.42) (end 10.25 -3.42) (layer F.CrtYd) (width 0.1))
    (fp_line (start 10.25 -3.42) (end -3.6 -3.42) (layer F.CrtYd) (width 0.1))
    (pad 2 smd rect (at 0 -2.5 180) (size 5.25 1.25) (layers F.Cu F.Paste F.Mask)
      (net 1 0))
    (pad 1 smd rect (at 0 0 180) (size 5.25 1) (layers F.Cu F.Paste F.Mask)
      (net 2 "Net-(C1-Pad1)"))
    (pad 2 smd rect (at 0 2.5 180) (size 5.25 1.25) (layers F.Cu F.Paste F.Mask)
      (net 1 0))
    (pad 2 smd rect (at 0 -2.5 180) (size 5.25 1.25) (layers B.Cu B.Paste B.Mask)
      (net 1 0))
    (pad 2 smd rect (at 0 2.5 180) (size 5.25 1.25) (layers B.Cu B.Paste B.Mask)
      (net 1 0))
  )

  (module Capacitor_SMD:C_0805_2012Metric_Pad1.15x1.40mm_HandSolder (layer F.Cu) (tedit 5D9B534D) (tstamp 5D9BE831)
    (at 155 92.25 270)
    (descr "Capacitor SMD 0805 (2012 Metric), square (rectangular) end terminal, IPC_7351 nominal with elongated pad for handsoldering. (Body size source: https://docs.google.com/spreadsheets/d/1BsfQQcO9C6DZCsRaXUlFlo91Tg2WpOkGARC1WS5S8t0/edit?usp=sharing), generated with kicad-footprint-generator")
    (tags "capacitor handsolder")
    (path /5D90CF4C)
    (attr smd)
    (fp_text reference PI1 (at -3 0 270) (layer F.SilkS)
      (effects (font (size 1 1) (thickness 0.15)))
    )
    (fp_text value 20p (at 0 1.65 270) (layer F.Fab) hide
      (effects (font (size 1 1) (thickness 0.15)))
    )
    (fp_line (start -1 0.6) (end -1 -0.6) (layer F.Fab) (width 0.1))
    (fp_line (start -1 -0.6) (end 1 -0.6) (layer F.Fab) (width 0.1))
    (fp_line (start 1 -0.6) (end 1 0.6) (layer F.Fab) (width 0.1))
    (fp_line (start 1 0.6) (end -1 0.6) (layer F.Fab) (width 0.1))
    (fp_line (start -0.261252 -0.71) (end 0.261252 -0.71) (layer F.SilkS) (width 0.12))
    (fp_line (start -0.261252 0.71) (end 0.261252 0.71) (layer F.SilkS) (width 0.12))
    (fp_line (start -1.85 0.95) (end -1.85 -0.95) (layer F.CrtYd) (width 0.05))
    (fp_line (start -1.85 -0.95) (end 1.85 -0.95) (layer F.CrtYd) (width 0.05))
    (fp_line (start 1.85 -0.95) (end 1.85 0.95) (layer F.CrtYd) (width 0.05))
    (fp_line (start 1.85 0.95) (end -1.85 0.95) (layer F.CrtYd) (width 0.05))
    (fp_text user %R (at 0 0 270) (layer F.Fab) hide
      (effects (font (size 0.5 0.5) (thickness 0.08)))
    )
    (pad 1 smd roundrect (at -1.025 0 270) (size 1.15 1.4) (layers F.Cu F.Paste F.Mask) (roundrect_rratio 0.217)
      (net 2 "Net-(C1-Pad1)"))
    (pad 2 smd roundrect (at 1.025 0 270) (size 1.15 1.4) (layers F.Cu F.Paste F.Mask) (roundrect_rratio 0.217391)
      (net 1 0))
    (model ${KISYS3DMOD}/Capacitor_SMD.3dshapes/C_0805_2012Metric.wrl
      (at (xyz 0 0 0))
      (scale (xyz 1 1 1))
      (rotate (xyz 0 0 0))
    )
  )

  (module Capacitor_SMD:C_0805_2012Metric_Pad1.15x1.40mm_HandSolder (layer F.Cu) (tedit 5D9B5354) (tstamp 5D9BE821)
    (at 159 91 90)
    (descr "Capacitor SMD 0805 (2012 Metric), square (rectangular) end terminal, IPC_7351 nominal with elongated pad for handsoldering. (Body size source: https://docs.google.com/spreadsheets/d/1BsfQQcO9C6DZCsRaXUlFlo91Tg2WpOkGARC1WS5S8t0/edit?usp=sharing), generated with kicad-footprint-generator")
    (tags "capacitor handsolder")
    (path /5C7F35F7)
    (attr smd)
    (fp_text reference PI2 (at 3 0 90) (layer F.SilkS)
      (effects (font (size 1 1) (thickness 0.15)))
    )
    (fp_text value 33p (at 0 1.65 90) (layer F.Fab) hide
      (effects (font (size 1 1) (thickness 0.15)))
    )
    (fp_text user %R (at 0 0 90) (layer F.Fab) hide
      (effects (font (size 0.5 0.5) (thickness 0.08)))
    )
    (fp_line (start 1.85 0.95) (end -1.85 0.95) (layer F.CrtYd) (width 0.05))
    (fp_line (start 1.85 -0.95) (end 1.85 0.95) (layer F.CrtYd) (width 0.05))
    (fp_line (start -1.85 -0.95) (end 1.85 -0.95) (layer F.CrtYd) (width 0.05))
    (fp_line (start -1.85 0.95) (end -1.85 -0.95) (layer F.CrtYd) (width 0.05))
    (fp_line (start -0.261252 0.71) (end 0.261252 0.71) (layer F.SilkS) (width 0.12))
    (fp_line (start -0.261252 -0.71) (end 0.261252 -0.71) (layer F.SilkS) (width 0.12))
    (fp_line (start 1 0.6) (end -1 0.6) (layer F.Fab) (width 0.1))
    (fp_line (start 1 -0.6) (end 1 0.6) (layer F.Fab) (width 0.1))
    (fp_line (start -1 -0.6) (end 1 -0.6) (layer F.Fab) (width 0.1))
    (fp_line (start -1 0.6) (end -1 -0.6) (layer F.Fab) (width 0.1))
    (pad 2 smd roundrect (at 1.025 0 90) (size 1.15 1.4) (layers F.Cu F.Paste F.Mask) (roundrect_rratio 0.217391)
      (net 1 0))
    (pad 1 smd roundrect (at -1.025 0 90) (size 1.15 1.4) (layers F.Cu F.Paste F.Mask) (roundrect_rratio 0.217391)
      (net 3 "Net-(C2-Pad1)"))
    (model ${KISYS3DMOD}/Capacitor_SMD.3dshapes/C_0805_2012Metric.wrl
      (at (xyz 0 0 0))
      (scale (xyz 1 1 1))
      (rotate (xyz 0 0 0))
    )
  )

  (module Capacitor_SMD:C_0805_2012Metric_Pad1.15x1.40mm_HandSolder (layer F.Cu) (tedit 5D9B535A) (tstamp 5D9BE810)
    (at 165 91 270)
    (descr "Capacitor SMD 0805 (2012 Metric), square (rectangular) end terminal, IPC_7351 nominal with elongated pad for handsoldering. (Body size source: https://docs.google.com/spreadsheets/d/1BsfQQcO9C6DZCsRaXUlFlo91Tg2WpOkGARC1WS5S8t0/edit?usp=sharing), generated with kicad-footprint-generator")
    (tags "capacitor handsolder")
    (path /5D97F415)
    (attr smd)
    (fp_text reference PI3 (at -3 0 270) (layer F.SilkS)
      (effects (font (size 1 1) (thickness 0.15)))
    )
    (fp_text value 20p (at 0 1.65 270) (layer F.Fab) hide
      (effects (font (size 1 1) (thickness 0.15)))
    )
    (fp_text user %R (at 0 0 270) (layer F.Fab) hide
      (effects (font (size 0.5 0.5) (thickness 0.08)))
    )
    (fp_line (start 1.85 0.95) (end -1.85 0.95) (layer F.CrtYd) (width 0.05))
    (fp_line (start 1.85 -0.95) (end 1.85 0.95) (layer F.CrtYd) (width 0.05))
    (fp_line (start -1.85 -0.95) (end 1.85 -0.95) (layer F.CrtYd) (width 0.05))
    (fp_line (start -1.85 0.95) (end -1.85 -0.95) (layer F.CrtYd) (width 0.05))
    (fp_line (start -0.261252 0.71) (end 0.261252 0.71) (layer F.SilkS) (width 0.12))
    (fp_line (start -0.261252 -0.71) (end 0.261252 -0.71) (layer F.SilkS) (width 0.12))
    (fp_line (start 1 0.6) (end -1 0.6) (layer F.Fab) (width 0.1))
    (fp_line (start 1 -0.6) (end 1 0.6) (layer F.Fab) (width 0.1))
    (fp_line (start -1 -0.6) (end 1 -0.6) (layer F.Fab) (width 0.1))
    (fp_line (start -1 0.6) (end -1 -0.6) (layer F.Fab) (width 0.1))
    (pad 2 smd roundrect (at 1.025 0 270) (size 1.15 1.4) (layers F.Cu F.Paste F.Mask) (roundrect_rratio 0.217391)
      (net 1 0))
    (pad 1 smd roundrect (at -1.025 0 270) (size 1.15 1.4) (layers F.Cu F.Paste F.Mask) (roundrect_rratio 0.217391)
      (net 4 VOUT))
    (model ${KISYS3DMOD}/Capacitor_SMD.3dshapes/C_0805_2012Metric.wrl
      (at (xyz 0 0 0))
      (scale (xyz 1 1 1))
      (rotate (xyz 0 0 0))
    )
  )

  (module Connector_PinHeader_2.54mm:PinHeader_1x02_P2.54mm_Vertical (layer F.Cu) (tedit 5D989CBE) (tstamp 5D9BE7FB)
    (at 175.5 90)
    (descr "Through hole straight pin header, 1x02, 2.54mm pitch, single row")
    (tags "Through hole pin header THT 1x02 2.54mm single row")
    (path /5D98A0B1)
    (fp_text reference OUT (at 0 -2) (layer F.SilkS)
      (effects (font (size 1 1) (thickness 0.15)))
    )
    (fp_text value Conn_01x02 (at 0 4.87) (layer F.Fab) hide
      (effects (font (size 1 1) (thickness 0.15)))
    )
    (fp_line (start -0.635 -1.27) (end 1.27 -1.27) (layer F.Fab) (width 0.1))
    (fp_line (start 1.27 -1.27) (end 1.27 3.81) (layer F.Fab) (width 0.1))
    (fp_line (start 1.27 3.81) (end -1.27 3.81) (layer F.Fab) (width 0.1))
    (fp_line (start -1.27 3.81) (end -1.27 -0.635) (layer F.Fab) (width 0.1))
    (fp_line (start -1.27 -0.635) (end -0.635 -1.27) (layer F.Fab) (width 0.1))
    (fp_line (start -1.33 3.87) (end 1.33 3.87) (layer F.SilkS) (width 0.12))
    (fp_line (start -1.33 1.27) (end -1.33 3.87) (layer F.SilkS) (width 0.12))
    (fp_line (start 1.33 1.27) (end 1.33 3.87) (layer F.SilkS) (width 0.12))
    (fp_line (start -1.33 1.27) (end 1.33 1.27) (layer F.SilkS) (width 0.12))
    (fp_line (start -1.33 0) (end -1.33 -1.33) (layer F.SilkS) (width 0.12))
    (fp_line (start -1.33 -1.33) (end 0 -1.33) (layer F.SilkS) (width 0.12))
    (fp_line (start -1.8 -1.8) (end -1.8 4.35) (layer F.CrtYd) (width 0.05))
    (fp_line (start -1.8 4.35) (end 1.8 4.35) (layer F.CrtYd) (width 0.05))
    (fp_line (start 1.8 4.35) (end 1.8 -1.8) (layer F.CrtYd) (width 0.05))
    (fp_line (start 1.8 -1.8) (end -1.8 -1.8) (layer F.CrtYd) (width 0.05))
    (fp_text user %R (at 0 1.27 90) (layer F.Fab) hide
      (effects (font (size 1 1) (thickness 0.15)))
    )
    (pad 1 thru_hole rect (at 0 0) (size 1.7 1.7) (drill 1) (layers *.Cu *.Mask)
      (net 4 VOUT))
    (pad 2 thru_hole oval (at 0 2.54) (size 1.7 1.7) (drill 1) (layers *.Cu *.Mask)
      (net 1 0))
    (model ${KISYS3DMOD}/Connector_PinHeader_2.54mm.3dshapes/PinHeader_1x02_P2.54mm_Vertical.wrl
      (at (xyz 0 0 0))
      (scale (xyz 1 1 1))
      (rotate (xyz 0 0 0))
    )
  )

  (module Inductor_SMD:L_0805_2012Metric_Pad1.15x1.40mm_HandSolder (layer F.Cu) (tedit 5D9B5334) (tstamp 5D9BE7EB)
    (at 157 91 270)
    (descr "Capacitor SMD 0805 (2012 Metric), square (rectangular) end terminal, IPC_7351 nominal with elongated pad for handsoldering. (Body size source: https://docs.google.com/spreadsheets/d/1BsfQQcO9C6DZCsRaXUlFlo91Tg2WpOkGARC1WS5S8t0/edit?usp=sharing), generated with kicad-footprint-generator")
    (tags "inductor handsolder")
    (path /5C499BA3)
    (attr smd)
    (fp_text reference T1 (at -2.8 0 270) (layer F.SilkS)
      (effects (font (size 1 1) (thickness 0.15)))
    )
    (fp_text value 47n (at 0 1.65 270) (layer F.Fab) hide
      (effects (font (size 1 1) (thickness 0.15)))
    )
    (fp_text user %R (at 0 0 270) (layer F.Fab) hide
      (effects (font (size 0.5 0.5) (thickness 0.08)))
    )
    (fp_line (start 1.85 0.95) (end -1.85 0.95) (layer F.CrtYd) (width 0.05))
    (fp_line (start 1.85 -0.95) (end 1.85 0.95) (layer F.CrtYd) (width 0.05))
    (fp_line (start -1.85 -0.95) (end 1.85 -0.95) (layer F.CrtYd) (width 0.05))
    (fp_line (start -1.85 0.95) (end -1.85 -0.95) (layer F.CrtYd) (width 0.05))
    (fp_line (start -0.261252 0.71) (end 0.261252 0.71) (layer F.SilkS) (width 0.12))
    (fp_line (start -0.261252 -0.71) (end 0.261252 -0.71) (layer F.SilkS) (width 0.12))
    (fp_line (start 1 0.6) (end -1 0.6) (layer F.Fab) (width 0.1))
    (fp_line (start 1 -0.6) (end 1 0.6) (layer F.Fab) (width 0.1))
    (fp_line (start -1 -0.6) (end 1 -0.6) (layer F.Fab) (width 0.1))
    (fp_line (start -1 0.6) (end -1 -0.6) (layer F.Fab) (width 0.1))
    (pad 2 smd roundrect (at 1.025 0 270) (size 1.15 1.4) (layers F.Cu F.Paste F.Mask) (roundrect_rratio 0.217391)
      (net 3 "Net-(C2-Pad1)"))
    (pad 1 smd roundrect (at -1.025 0 270) (size 1.15 1.4) (layers F.Cu F.Paste F.Mask) (roundrect_rratio 0.217391)
      (net 2 "Net-(C1-Pad1)"))
    (model ${KISYS3DMOD}/Inductor_SMD.3dshapes/L_0805_2012Metric.wrl
      (at (xyz 0 0 0))
      (scale (xyz 1 1 1))
      (rotate (xyz 0 0 0))
    )
  )

  (module Inductor_SMD:L_0805_2012Metric_Pad1.15x1.40mm_HandSolder (layer F.Cu) (tedit 5D9B533D) (tstamp 5D9BE7D7)
    (at 162.05 91)
    (descr "Capacitor SMD 0805 (2012 Metric), square (rectangular) end terminal, IPC_7351 nominal with elongated pad for handsoldering. (Body size source: https://docs.google.com/spreadsheets/d/1BsfQQcO9C6DZCsRaXUlFlo91Tg2WpOkGARC1WS5S8t0/edit?usp=sharing), generated with kicad-footprint-generator")
    (tags "inductor handsolder")
    (path /5D97F3E4)
    (attr smd)
    (fp_text reference T2 (at 0 -1.55) (layer F.SilkS)
      (effects (font (size 1 1) (thickness 0.15)))
    )
    (fp_text value 47n (at 0 1.65) (layer F.Fab) hide
      (effects (font (size 1 1) (thickness 0.15)))
    )
    (fp_line (start -1 0.6) (end -1 -0.6) (layer F.Fab) (width 0.1))
    (fp_line (start -1 -0.6) (end 1 -0.6) (layer F.Fab) (width 0.1))
    (fp_line (start 1 -0.6) (end 1 0.6) (layer F.Fab) (width 0.1))
    (fp_line (start 1 0.6) (end -1 0.6) (layer F.Fab) (width 0.1))
    (fp_line (start -0.261252 -0.71) (end 0.261252 -0.71) (layer F.SilkS) (width 0.12))
    (fp_line (start -0.261252 0.71) (end 0.261252 0.71) (layer F.SilkS) (width 0.12))
    (fp_line (start -1.85 0.95) (end -1.85 -0.95) (layer F.CrtYd) (width 0.05))
    (fp_line (start -1.85 -0.95) (end 1.85 -0.95) (layer F.CrtYd) (width 0.05))
    (fp_line (start 1.85 -0.95) (end 1.85 0.95) (layer F.CrtYd) (width 0.05))
    (fp_line (start 1.85 0.95) (end -1.85 0.95) (layer F.CrtYd) (width 0.05))
    (fp_text user %R (at 0 0) (layer F.Fab) hide
      (effects (font (size 0.5 0.5) (thickness 0.08)))
    )
    (pad 1 smd roundrect (at -1.025 0) (size 1.15 1.4) (layers F.Cu F.Paste F.Mask) (roundrect_rratio 0.217391)
      (net 3 "Net-(C2-Pad1)"))
    (pad 2 smd roundrect (at 1.025 0) (size 1.15 1.4) (layers F.Cu F.Paste F.Mask) (roundrect_rratio 0.217391)
      (net 4 VOUT))
    (model ${KISYS3DMOD}/Inductor_SMD.3dshapes/L_0805_2012Metric.wrl
      (at (xyz 0 0 0))
      (scale (xyz 1 1 1))
      (rotate (xyz 0 0 0))
    )
  )

  (module Connector_Coaxial:SMA_Jack_Horizontal (layer F.Cu) (tedit 5D9B3796) (tstamp 5DA61252)
    (at 128.8 91.25 180)
    (path /5D90C4C0)
    (fp_text reference IN (at 3.55 -4.15 180) (layer F.SilkS) hide
      (effects (font (size 1 1) (thickness 0.15)))
    )
    (fp_text value 3.3 (at 3.55 4.15 180) (layer F.Fab) hide
      (effects (font (size 1 1) (thickness 0.15)))
    )
    (fp_line (start 10.25 -3.42) (end -3.6 -3.42) (layer F.CrtYd) (width 0.1))
    (fp_line (start 10.25 3.42) (end 10.25 -3.42) (layer F.CrtYd) (width 0.1))
    (fp_line (start -3.6 3.42) (end 10.25 3.42) (layer F.CrtYd) (width 0.1))
    (fp_line (start -3.6 -3.42) (end -3.6 3.42) (layer F.CrtYd) (width 0.1))
    (fp_line (start 3.65 -3.165) (end 9.85 -3.165) (layer F.Fab) (width 0.1))
    (fp_line (start 9.9 3.165) (end 3.65 3.165) (layer F.Fab) (width 0.1))
    (fp_line (start 9.9 3.165) (end 9.9 -3.165) (layer F.Fab) (width 0.1))
    (fp_line (start 3.35 -0.5) (end 2.75 0) (layer F.Fab) (width 0.1))
    (fp_line (start 3.35 0.5) (end 3.35 -0.5) (layer F.Fab) (width 0.1))
    (fp_line (start 2.75 0) (end 3.35 0.5) (layer F.Fab) (width 0.1))
    (fp_line (start -3.35 -0.5) (end -2.75 0) (layer F.SilkS) (width 0.1))
    (fp_line (start -3.35 0.5) (end -3.35 -0.5) (layer F.SilkS) (width 0.1))
    (fp_line (start -2.75 0) (end -3.35 0.5) (layer F.SilkS) (width 0.1))
    (fp_line (start -2.35 -3) (end 2.65 -3) (layer F.Fab) (width 0.1))
    (fp_line (start -2.35 3) (end -2.35 -3) (layer F.Fab) (width 0.1))
    (fp_line (start 2.65 3) (end -2.35 3) (layer F.Fab) (width 0.1))
    (fp_line (start 3.65 -3) (end 2.65 -3) (layer F.Fab) (width 0.1))
    (fp_line (start 3.65 3.165) (end 3.65 -3.165) (layer F.Fab) (width 0.1))
    (fp_line (start 2.65 3) (end 3.65 3) (layer F.Fab) (width 0.1))
    (fp_line (start 2.65 -3) (end 2.65 3) (layer F.Fab) (width 0.1))
    (pad 2 smd rect (at 0 2.5 180) (size 5.25 1.25) (layers B.Cu B.Paste B.Mask)
      (net 1 0))
    (pad 2 smd rect (at 0 -2.5 180) (size 5.25 1.25) (layers B.Cu B.Paste B.Mask)
      (net 1 0))
    (pad 2 smd rect (at 0 2.5 180) (size 5.25 1.25) (layers F.Cu F.Paste F.Mask)
      (net 1 0))
    (pad 1 smd rect (at 0 0 180) (size 5.25 1) (layers F.Cu F.Paste F.Mask)
      (net 2 "Net-(C1-Pad1)"))
    (pad 2 smd rect (at 0 -2.5 180) (size 5.25 1.25) (layers F.Cu F.Paste F.Mask)
      (net 1 0))
  )

  (module Capacitor_SMD:C_0805_2012Metric_Pad1.15x1.40mm_HandSolder (layer F.Cu) (tedit 5D9B534D) (tstamp 5DA611C0)
    (at 132.75 92.25 270)
    (descr "Capacitor SMD 0805 (2012 Metric), square (rectangular) end terminal, IPC_7351 nominal with elongated pad for handsoldering. (Body size source: https://docs.google.com/spreadsheets/d/1BsfQQcO9C6DZCsRaXUlFlo91Tg2WpOkGARC1WS5S8t0/edit?usp=sharing), generated with kicad-footprint-generator")
    (tags "capacitor handsolder")
    (path /5D90CF4C)
    (attr smd)
    (fp_text reference PI1 (at -3 0 270) (layer F.SilkS)
      (effects (font (size 1 1) (thickness 0.15)))
    )
    (fp_text value 20p (at 0 1.65 270) (layer F.Fab) hide
      (effects (font (size 1 1) (thickness 0.15)))
    )
    (fp_text user %R (at 0 0 270) (layer F.Fab) hide
      (effects (font (size 0.5 0.5) (thickness 0.08)))
    )
    (fp_line (start 1.85 0.95) (end -1.85 0.95) (layer F.CrtYd) (width 0.05))
    (fp_line (start 1.85 -0.95) (end 1.85 0.95) (layer F.CrtYd) (width 0.05))
    (fp_line (start -1.85 -0.95) (end 1.85 -0.95) (layer F.CrtYd) (width 0.05))
    (fp_line (start -1.85 0.95) (end -1.85 -0.95) (layer F.CrtYd) (width 0.05))
    (fp_line (start -0.261252 0.71) (end 0.261252 0.71) (layer F.SilkS) (width 0.12))
    (fp_line (start -0.261252 -0.71) (end 0.261252 -0.71) (layer F.SilkS) (width 0.12))
    (fp_line (start 1 0.6) (end -1 0.6) (layer F.Fab) (width 0.1))
    (fp_line (start 1 -0.6) (end 1 0.6) (layer F.Fab) (width 0.1))
    (fp_line (start -1 -0.6) (end 1 -0.6) (layer F.Fab) (width 0.1))
    (fp_line (start -1 0.6) (end -1 -0.6) (layer F.Fab) (width 0.1))
    (pad 2 smd roundrect (at 1.025 0 270) (size 1.15 1.4) (layers F.Cu F.Paste F.Mask) (roundrect_rratio 0.217391)
      (net 1 0))
    (pad 1 smd roundrect (at -1.025 0 270) (size 1.15 1.4) (layers F.Cu F.Paste F.Mask) (roundrect_rratio 0.217)
      (net 2 "Net-(C1-Pad1)"))
    (model ${KISYS3DMOD}/Capacitor_SMD.3dshapes/C_0805_2012Metric.wrl
      (at (xyz 0 0 0))
      (scale (xyz 1 1 1))
      (rotate (xyz 0 0 0))
    )
  )

  (module Capacitor_SMD:C_0805_2012Metric_Pad1.15x1.40mm_HandSolder (layer F.Cu) (tedit 5D9B5354) (tstamp 5DA611D1)
    (at 136.75 91 90)
    (descr "Capacitor SMD 0805 (2012 Metric), square (rectangular) end terminal, IPC_7351 nominal with elongated pad for handsoldering. (Body size source: https://docs.google.com/spreadsheets/d/1BsfQQcO9C6DZCsRaXUlFlo91Tg2WpOkGARC1WS5S8t0/edit?usp=sharing), generated with kicad-footprint-generator")
    (tags "capacitor handsolder")
    (path /5C7F35F7)
    (attr smd)
    (fp_text reference PI2 (at 3 0 90) (layer F.SilkS)
      (effects (font (size 1 1) (thickness 0.15)))
    )
    (fp_text value 33p (at 0 1.65 90) (layer F.Fab) hide
      (effects (font (size 1 1) (thickness 0.15)))
    )
    (fp_line (start -1 0.6) (end -1 -0.6) (layer F.Fab) (width 0.1))
    (fp_line (start -1 -0.6) (end 1 -0.6) (layer F.Fab) (width 0.1))
    (fp_line (start 1 -0.6) (end 1 0.6) (layer F.Fab) (width 0.1))
    (fp_line (start 1 0.6) (end -1 0.6) (layer F.Fab) (width 0.1))
    (fp_line (start -0.261252 -0.71) (end 0.261252 -0.71) (layer F.SilkS) (width 0.12))
    (fp_line (start -0.261252 0.71) (end 0.261252 0.71) (layer F.SilkS) (width 0.12))
    (fp_line (start -1.85 0.95) (end -1.85 -0.95) (layer F.CrtYd) (width 0.05))
    (fp_line (start -1.85 -0.95) (end 1.85 -0.95) (layer F.CrtYd) (width 0.05))
    (fp_line (start 1.85 -0.95) (end 1.85 0.95) (layer F.CrtYd) (width 0.05))
    (fp_line (start 1.85 0.95) (end -1.85 0.95) (layer F.CrtYd) (width 0.05))
    (fp_text user %R (at 0 0 90) (layer F.Fab) hide
      (effects (font (size 0.5 0.5) (thickness 0.08)))
    )
    (pad 1 smd roundrect (at -1.025 0 90) (size 1.15 1.4) (layers F.Cu F.Paste F.Mask) (roundrect_rratio 0.217391)
      (net 3 "Net-(C2-Pad1)"))
    (pad 2 smd roundrect (at 1.025 0 90) (size 1.15 1.4) (layers F.Cu F.Paste F.Mask) (roundrect_rratio 0.217391)
      (net 1 0))
    (model ${KISYS3DMOD}/Capacitor_SMD.3dshapes/C_0805_2012Metric.wrl
      (at (xyz 0 0 0))
      (scale (xyz 1 1 1))
      (rotate (xyz 0 0 0))
    )
  )

  (module Capacitor_SMD:C_0805_2012Metric_Pad1.15x1.40mm_HandSolder (layer F.Cu) (tedit 5D9B535A) (tstamp 5DA611E2)
    (at 142.75 91 270)
    (descr "Capacitor SMD 0805 (2012 Metric), square (rectangular) end terminal, IPC_7351 nominal with elongated pad for handsoldering. (Body size source: https://docs.google.com/spreadsheets/d/1BsfQQcO9C6DZCsRaXUlFlo91Tg2WpOkGARC1WS5S8t0/edit?usp=sharing), generated with kicad-footprint-generator")
    (tags "capacitor handsolder")
    (path /5D97F415)
    (attr smd)
    (fp_text reference PI3 (at -3 0 270) (layer F.SilkS)
      (effects (font (size 1 1) (thickness 0.15)))
    )
    (fp_text value 20p (at 0 1.65 270) (layer F.Fab) hide
      (effects (font (size 1 1) (thickness 0.15)))
    )
    (fp_line (start -1 0.6) (end -1 -0.6) (layer F.Fab) (width 0.1))
    (fp_line (start -1 -0.6) (end 1 -0.6) (layer F.Fab) (width 0.1))
    (fp_line (start 1 -0.6) (end 1 0.6) (layer F.Fab) (width 0.1))
    (fp_line (start 1 0.6) (end -1 0.6) (layer F.Fab) (width 0.1))
    (fp_line (start -0.261252 -0.71) (end 0.261252 -0.71) (layer F.SilkS) (width 0.12))
    (fp_line (start -0.261252 0.71) (end 0.261252 0.71) (layer F.SilkS) (width 0.12))
    (fp_line (start -1.85 0.95) (end -1.85 -0.95) (layer F.CrtYd) (width 0.05))
    (fp_line (start -1.85 -0.95) (end 1.85 -0.95) (layer F.CrtYd) (width 0.05))
    (fp_line (start 1.85 -0.95) (end 1.85 0.95) (layer F.CrtYd) (width 0.05))
    (fp_line (start 1.85 0.95) (end -1.85 0.95) (layer F.CrtYd) (width 0.05))
    (fp_text user %R (at 0 0 270) (layer F.Fab) hide
      (effects (font (size 0.5 0.5) (thickness 0.08)))
    )
    (pad 1 smd roundrect (at -1.025 0 270) (size 1.15 1.4) (layers F.Cu F.Paste F.Mask) (roundrect_rratio 0.217391)
      (net 4 VOUT))
    (pad 2 smd roundrect (at 1.025 0 270) (size 1.15 1.4) (layers F.Cu F.Paste F.Mask) (roundrect_rratio 0.217391)
      (net 1 0))
    (model ${KISYS3DMOD}/Capacitor_SMD.3dshapes/C_0805_2012Metric.wrl
      (at (xyz 0 0 0))
      (scale (xyz 1 1 1))
      (rotate (xyz 0 0 0))
    )
  )

  (module Connector_PinHeader_2.54mm:PinHeader_1x02_P2.54mm_Vertical (layer F.Cu) (tedit 5D989CBE) (tstamp 5DA611F8)
    (at 145.5 90)
    (descr "Through hole straight pin header, 1x02, 2.54mm pitch, single row")
    (tags "Through hole pin header THT 1x02 2.54mm single row")
    (path /5D98A0B1)
    (fp_text reference OUT (at 0 -2) (layer F.SilkS)
      (effects (font (size 1 1) (thickness 0.15)))
    )
    (fp_text value Conn_01x02 (at 0 4.87) (layer F.Fab) hide
      (effects (font (size 1 1) (thickness 0.15)))
    )
    (fp_text user %R (at 0 1.27 90) (layer F.Fab) hide
      (effects (font (size 1 1) (thickness 0.15)))
    )
    (fp_line (start 1.8 -1.8) (end -1.8 -1.8) (layer F.CrtYd) (width 0.05))
    (fp_line (start 1.8 4.35) (end 1.8 -1.8) (layer F.CrtYd) (width 0.05))
    (fp_line (start -1.8 4.35) (end 1.8 4.35) (layer F.CrtYd) (width 0.05))
    (fp_line (start -1.8 -1.8) (end -1.8 4.35) (layer F.CrtYd) (width 0.05))
    (fp_line (start -1.33 -1.33) (end 0 -1.33) (layer F.SilkS) (width 0.12))
    (fp_line (start -1.33 0) (end -1.33 -1.33) (layer F.SilkS) (width 0.12))
    (fp_line (start -1.33 1.27) (end 1.33 1.27) (layer F.SilkS) (width 0.12))
    (fp_line (start 1.33 1.27) (end 1.33 3.87) (layer F.SilkS) (width 0.12))
    (fp_line (start -1.33 1.27) (end -1.33 3.87) (layer F.SilkS) (width 0.12))
    (fp_line (start -1.33 3.87) (end 1.33 3.87) (layer F.SilkS) (width 0.12))
    (fp_line (start -1.27 -0.635) (end -0.635 -1.27) (layer F.Fab) (width 0.1))
    (fp_line (start -1.27 3.81) (end -1.27 -0.635) (layer F.Fab) (width 0.1))
    (fp_line (start 1.27 3.81) (end -1.27 3.81) (layer F.Fab) (width 0.1))
    (fp_line (start 1.27 -1.27) (end 1.27 3.81) (layer F.Fab) (width 0.1))
    (fp_line (start -0.635 -1.27) (end 1.27 -1.27) (layer F.Fab) (width 0.1))
    (pad 2 thru_hole oval (at 0 2.54) (size 1.7 1.7) (drill 1) (layers *.Cu *.Mask)
      (net 1 0))
    (pad 1 thru_hole rect (at 0 0) (size 1.7 1.7) (drill 1) (layers *.Cu *.Mask)
      (net 4 VOUT))
    (model ${KISYS3DMOD}/Connector_PinHeader_2.54mm.3dshapes/PinHeader_1x02_P2.54mm_Vertical.wrl
      (at (xyz 0 0 0))
      (scale (xyz 1 1 1))
      (rotate (xyz 0 0 0))
    )
  )

  (module Inductor_SMD:L_0805_2012Metric_Pad1.15x1.40mm_HandSolder (layer F.Cu) (tedit 5D9B5334) (tstamp 5DA61209)
    (at 134.75 91 270)
    (descr "Capacitor SMD 0805 (2012 Metric), square (rectangular) end terminal, IPC_7351 nominal with elongated pad for handsoldering. (Body size source: https://docs.google.com/spreadsheets/d/1BsfQQcO9C6DZCsRaXUlFlo91Tg2WpOkGARC1WS5S8t0/edit?usp=sharing), generated with kicad-footprint-generator")
    (tags "inductor handsolder")
    (path /5C499BA3)
    (attr smd)
    (fp_text reference T1 (at -2.8 0 270) (layer F.SilkS)
      (effects (font (size 1 1) (thickness 0.15)))
    )
    (fp_text value 47n (at 0 1.65 270) (layer F.Fab) hide
      (effects (font (size 1 1) (thickness 0.15)))
    )
    (fp_line (start -1 0.6) (end -1 -0.6) (layer F.Fab) (width 0.1))
    (fp_line (start -1 -0.6) (end 1 -0.6) (layer F.Fab) (width 0.1))
    (fp_line (start 1 -0.6) (end 1 0.6) (layer F.Fab) (width 0.1))
    (fp_line (start 1 0.6) (end -1 0.6) (layer F.Fab) (width 0.1))
    (fp_line (start -0.261252 -0.71) (end 0.261252 -0.71) (layer F.SilkS) (width 0.12))
    (fp_line (start -0.261252 0.71) (end 0.261252 0.71) (layer F.SilkS) (width 0.12))
    (fp_line (start -1.85 0.95) (end -1.85 -0.95) (layer F.CrtYd) (width 0.05))
    (fp_line (start -1.85 -0.95) (end 1.85 -0.95) (layer F.CrtYd) (width 0.05))
    (fp_line (start 1.85 -0.95) (end 1.85 0.95) (layer F.CrtYd) (width 0.05))
    (fp_line (start 1.85 0.95) (end -1.85 0.95) (layer F.CrtYd) (width 0.05))
    (fp_text user %R (at 0 0 270) (layer F.Fab) hide
      (effects (font (size 0.5 0.5) (thickness 0.08)))
    )
    (pad 1 smd roundrect (at -1.025 0 270) (size 1.15 1.4) (layers F.Cu F.Paste F.Mask) (roundrect_rratio 0.217391)
      (net 2 "Net-(C1-Pad1)"))
    (pad 2 smd roundrect (at 1.025 0 270) (size 1.15 1.4) (layers F.Cu F.Paste F.Mask) (roundrect_rratio 0.217391)
      (net 3 "Net-(C2-Pad1)"))
    (model ${KISYS3DMOD}/Inductor_SMD.3dshapes/L_0805_2012Metric.wrl
      (at (xyz 0 0 0))
      (scale (xyz 1 1 1))
      (rotate (xyz 0 0 0))
    )
  )

  (module Inductor_SMD:L_0805_2012Metric_Pad1.15x1.40mm_HandSolder (layer F.Cu) (tedit 5D9B533D) (tstamp 5DA6121A)
    (at 139.8 91)
    (descr "Capacitor SMD 0805 (2012 Metric), square (rectangular) end terminal, IPC_7351 nominal with elongated pad for handsoldering. (Body size source: https://docs.google.com/spreadsheets/d/1BsfQQcO9C6DZCsRaXUlFlo91Tg2WpOkGARC1WS5S8t0/edit?usp=sharing), generated with kicad-footprint-generator")
    (tags "inductor handsolder")
    (path /5D97F3E4)
    (attr smd)
    (fp_text reference T2 (at 0 -1.55) (layer F.SilkS)
      (effects (font (size 1 1) (thickness 0.15)))
    )
    (fp_text value 47n (at 0 1.65) (layer F.Fab) hide
      (effects (font (size 1 1) (thickness 0.15)))
    )
    (fp_text user %R (at 0 0) (layer F.Fab) hide
      (effects (font (size 0.5 0.5) (thickness 0.08)))
    )
    (fp_line (start 1.85 0.95) (end -1.85 0.95) (layer F.CrtYd) (width 0.05))
    (fp_line (start 1.85 -0.95) (end 1.85 0.95) (layer F.CrtYd) (width 0.05))
    (fp_line (start -1.85 -0.95) (end 1.85 -0.95) (layer F.CrtYd) (width 0.05))
    (fp_line (start -1.85 0.95) (end -1.85 -0.95) (layer F.CrtYd) (width 0.05))
    (fp_line (start -0.261252 0.71) (end 0.261252 0.71) (layer F.SilkS) (width 0.12))
    (fp_line (start -0.261252 -0.71) (end 0.261252 -0.71) (layer F.SilkS) (width 0.12))
    (fp_line (start 1 0.6) (end -1 0.6) (layer F.Fab) (width 0.1))
    (fp_line (start 1 -0.6) (end 1 0.6) (layer F.Fab) (width 0.1))
    (fp_line (start -1 -0.6) (end 1 -0.6) (layer F.Fab) (width 0.1))
    (fp_line (start -1 0.6) (end -1 -0.6) (layer F.Fab) (width 0.1))
    (pad 2 smd roundrect (at 1.025 0) (size 1.15 1.4) (layers F.Cu F.Paste F.Mask) (roundrect_rratio 0.217391)
      (net 4 VOUT))
    (pad 1 smd roundrect (at -1.025 0) (size 1.15 1.4) (layers F.Cu F.Paste F.Mask) (roundrect_rratio 0.217391)
      (net 3 "Net-(C2-Pad1)"))
    (model ${KISYS3DMOD}/Inductor_SMD.3dshapes/L_0805_2012Metric.wrl
      (at (xyz 0 0 0))
      (scale (xyz 1 1 1))
      (rotate (xyz 0 0 0))
    )
  )

  (gr_line (start 177.75 86.35) (end 177.75 96.5) (layer Edge.Cuts) (width 0.2))
  (gr_text "5’ Order\nL/H-pass" (at 137.75 91) (layer B.SilkS)
    (effects (font (size 1.5 1.5) (thickness 0.3)) (justify mirror))
  )
  (gr_line (start 126 86.2) (end 148.3 86.2) (layer Edge.Cuts) (width 0.2))
  (gr_line (start 126 96.35) (end 126 86.2) (layer Edge.Cuts) (width 0.2))
  (gr_line (start 148.3 96.35) (end 126 96.35) (layer Edge.Cuts) (width 0.2))

  (via (at 134.75 93.75) (size 0.8) (drill 0.4) (layers F.Cu B.Cu) (net 1) (tstamp 5DA61D1B))
  (via (at 136.75 93.75) (size 0.8) (drill 0.4) (layers F.Cu B.Cu) (net 1) (tstamp 5DA61D1D))
  (via (at 138.75 93) (size 0.8) (drill 0.4) (layers F.Cu B.Cu) (net 1) (tstamp 5DA61D1F))
  (via (at 140.75 93) (size 0.8) (drill 0.4) (layers F.Cu B.Cu) (net 1) (tstamp 5DA61D21))
  (via (at 140.75 89) (size 0.8) (drill 0.4) (layers F.Cu B.Cu) (net 1) (tstamp 5DA61D25))
  (via (at 138.75 89) (size 0.8) (drill 0.4) (layers F.Cu B.Cu) (net 1) (tstamp 5DA61D27))
  (via (at 136.75 88.25) (size 0.8) (drill 0.4) (layers F.Cu B.Cu) (net 1) (tstamp 5D99089D))
  (via (at 134.75 88.25) (size 0.8) (drill 0.4) (layers F.Cu B.Cu) (net 1) (tstamp 5D99089F))
  (via (at 127.25 87.25) (size 0.8) (drill 0.4) (layers F.Cu B.Cu) (net 1) (tstamp 5D9B53D7))
  (via (at 127.25 95.25) (size 0.8) (drill 0.4) (layers F.Cu B.Cu) (net 1) (tstamp 5D9B53D9))
  (via (at 147.25 87.25) (size 0.8) (drill 0.4) (layers F.Cu B.Cu) (net 1) (tstamp 5D9B53DE))
  (via (at 147.25 95.25) (size 0.8) (drill 0.4) (layers F.Cu B.Cu) (net 1) (tstamp 5D9B5412))
  (via (at 132 95.25) (size 0.8) (drill 0.4) (layers F.Cu B.Cu) (net 1) (tstamp 5D9B765D))
  (via (at 132 87.25) (size 0.8) (drill 0.4) (layers F.Cu B.Cu) (net 1) (tstamp 5D9B7660))
  (via (at 161 93) (size 0.8) (drill 0.4) (layers F.Cu B.Cu) (net 1) (tstamp 5D9BE7C3))
  (via (at 157 93.75) (size 0.8) (drill 0.4) (layers F.Cu B.Cu) (net 1) (tstamp 5D9BE7C4))
  (via (at 154.25 95.25) (size 0.8) (drill 0.4) (layers F.Cu B.Cu) (net 1) (tstamp 5D9BE7CF))
  (via (at 154.25 87.25) (size 0.8) (drill 0.4) (layers F.Cu B.Cu) (net 1) (tstamp 5D9BE7D0))
  (via (at 159 88.25) (size 0.8) (drill 0.4) (layers F.Cu B.Cu) (net 1) (tstamp 5D9BE7D1))
  (via (at 157 88.25) (size 0.8) (drill 0.4) (layers F.Cu B.Cu) (net 1) (tstamp 5D9BE7D2))
  (via (at 149.5 87.25) (size 0.8) (drill 0.4) (layers F.Cu B.Cu) (net 1) (tstamp 5D9BE7D3))
  (via (at 149.5 95.25) (size 0.8) (drill 0.4) (layers F.Cu B.Cu) (net 1) (tstamp 5D9BE7D4))
  (via (at 163 93) (size 0.8) (drill 0.4) (layers F.Cu B.Cu) (net 1) (tstamp 5D9BE7E7))
  (via (at 163 89) (size 0.8) (drill 0.4) (layers F.Cu B.Cu) (net 1) (tstamp 5D9BE7E8))
  (via (at 161 89) (size 0.8) (drill 0.4) (layers F.Cu B.Cu) (net 1) (tstamp 5D9BE7E9))
  (via (at 159 93.75) (size 0.8) (drill 0.4) (layers F.Cu B.Cu) (net 1) (tstamp 5D9BE85F))
  (segment (start 134.725 90) (end 134.75 89.975) (width 0.32) (layer F.Cu) (net 2))
  (segment (start 133.5 91.225) (end 134.75 89.975) (width 0.32) (layer F.Cu) (net 2))
  (segment (start 132.75 91.225) (end 133.5 91.225) (width 0.32) (layer F.Cu) (net 2))
  (segment (start 128.825 91.225) (end 128.8 91.25) (width 0.32) (layer F.Cu) (net 2))
  (segment (start 132.75 91.225) (end 128.825 91.225) (width 0.32) (layer F.Cu) (net 2))
  (segment (start 151.075 91.225) (end 151.05 91.25) (width 0.32) (layer F.Cu) (net 2) (tstamp 5D9BE7CC))
  (segment (start 155 91.225) (end 151.075 91.225) (width 0.32) (layer F.Cu) (net 2) (tstamp 5D9BE7CD))
  (segment (start 155 91.225) (end 155.75 91.225) (width 0.32) (layer F.Cu) (net 2) (tstamp 5D9BE7EA))
  (segment (start 155.75 91.225) (end 157 89.975) (width 0.32) (layer F.Cu) (net 2) (tstamp 5D9BE85D))
  (segment (start 156.975 90) (end 157 89.975) (width 0.32) (layer F.Cu) (net 2) (tstamp 5D9BE85E))
  (segment (start 137.75 92.025) (end 138.775 91) (width 0.32) (layer F.Cu) (net 3))
  (segment (start 134.75 92.025) (end 137.75 92.025) (width 0.32) (layer F.Cu) (net 3))
  (segment (start 157 92.025) (end 160 92.025) (width 0.32) (layer F.Cu) (net 3) (tstamp 5D9BE7C9))
  (segment (start 160 92.025) (end 161.025 91) (width 0.32) (layer F.Cu) (net 3) (tstamp 5D9BE7CE))
  (segment (start 140.8 90.975) (end 140.775 91) (width 0.32) (layer F.Cu) (net 4))
  (segment (start 140.85 90.975) (end 140.825 91) (width 0.32) (layer F.Cu) (net 4))
  (segment (start 145.475 89.975) (end 145.5 90) (width 0.32) (layer F.Cu) (net 4))
  (segment (start 142.75 89.975) (end 145.475 89.975) (width 0.32) (layer F.Cu) (net 4))
  (segment (start 141.85 89.975) (end 140.825 91) (width 0.32) (layer F.Cu) (net 4))
  (segment (start 142.75 89.975) (end 141.85 89.975) (width 0.32) (layer F.Cu) (net 4))
  (segment (start 164.1 89.975) (end 163.075 91) (width 0.32) (layer F.Cu) (net 4) (tstamp 5D9BE7C7))
  (segment (start 165 89.975) (end 164.1 89.975) (width 0.32) (layer F.Cu) (net 4) (tstamp 5D9BE7C8))
  (segment (start 163.05 90.975) (end 163.025 91) (width 0.32) (layer F.Cu) (net 4) (tstamp 5D9BE7CA))
  (segment (start 163.1 90.975) (end 163.075 91) (width 0.32) (layer F.Cu) (net 4) (tstamp 5D9BE7CB))

  (zone (net 1) (net_name 0) (layer F.Cu) (tstamp 5D9B5850) (hatch edge 0.508)
    (connect_pads (clearance 0.25))
    (min_thickness 0.25)
    (fill yes (arc_segments 16) (thermal_gap 0.25) (thermal_bridge_width 0.5))
    (polygon
      (pts
        (xy 126 86.25) (xy 126 96.25) (xy 148.3 96.25) (xy 148.3 86.25)
      )
    )
    (filled_polygon
      (pts
        (xy 147.825001 95.875) (xy 126.475 95.875) (xy 126.475 94.75) (xy 128.58125 94.75) (xy 128.675 94.65625)
        (xy 128.675 93.875) (xy 128.655 93.875) (xy 128.655 93.625) (xy 128.675 93.625) (xy 128.675 92.84375)
        (xy 128.925 92.84375) (xy 128.925 93.625) (xy 128.945 93.625) (xy 128.945 93.875) (xy 128.925 93.875)
        (xy 128.925 94.65625) (xy 129.01875 94.75) (xy 131.499592 94.75) (xy 131.63742 94.69291) (xy 131.74291 94.587421)
        (xy 131.8 94.449592) (xy 131.8 94.130331) (xy 131.837579 94.16791) (xy 131.975408 94.225) (xy 132.53125 94.225)
        (xy 132.625 94.13125) (xy 132.625 93.4) (xy 132.875 93.4) (xy 132.875 94.13125) (xy 132.96875 94.225)
        (xy 133.524592 94.225) (xy 133.662421 94.16791) (xy 133.76791 94.06242) (xy 133.825 93.924592) (xy 133.825 93.49375)
        (xy 133.73125 93.4) (xy 132.875 93.4) (xy 132.625 93.4) (xy 132.605 93.4) (xy 132.605 93.15)
        (xy 132.625 93.15) (xy 132.625 92.41875) (xy 132.53125 92.325) (xy 131.975408 92.325) (xy 131.837579 92.38209)
        (xy 131.73209 92.48758) (xy 131.675 92.625408) (xy 131.675 92.84467) (xy 131.63742 92.80709) (xy 131.499592 92.75)
        (xy 129.01875 92.75) (xy 128.925 92.84375) (xy 128.675 92.84375) (xy 128.58125 92.75) (xy 126.475 92.75)
        (xy 126.475 92.132346) (xy 131.425 92.132346) (xy 131.571317 92.103242) (xy 131.695359 92.020359) (xy 131.778242 91.896317)
        (xy 131.779856 91.888202) (xy 131.852732 91.997268) (xy 132.057734 92.134246) (xy 132.29955 92.182346) (xy 133.20045 92.182346)
        (xy 133.442266 92.134246) (xy 133.647268 91.997268) (xy 133.667654 91.966758) (xy 133.667654 92.350001) (xy 133.676921 92.39659)
        (xy 133.662421 92.38209) (xy 133.524592 92.325) (xy 132.96875 92.325) (xy 132.875 92.41875) (xy 132.875 93.15)
        (xy 133.73125 93.15) (xy 133.825 93.05625) (xy 133.825 92.755435) (xy 133.852864 92.797136) (xy 134.058011 92.934212)
        (xy 134.299999 92.982346) (xy 135.200001 92.982346) (xy 135.441989 92.934212) (xy 135.647136 92.797136) (xy 135.75 92.64319)
        (xy 135.852864 92.797136) (xy 136.058011 92.934212) (xy 136.299999 92.982346) (xy 137.200001 92.982346) (xy 137.441989 92.934212)
        (xy 137.647136 92.797136) (xy 137.784212 92.591989) (xy 137.790076 92.562509) (xy 137.802688 92.56) (xy 137.802692 92.56)
        (xy 137.958747 92.528959) (xy 138.135713 92.410713) (xy 138.165562 92.366041) (xy 138.287853 92.24375) (xy 141.675 92.24375)
        (xy 141.675 92.674592) (xy 141.73209 92.81242) (xy 141.837579 92.91791) (xy 141.975408 92.975) (xy 142.53125 92.975)
